% Task id	Task location(GPS latitude)	Task location(GPS longtitude)
0001	22.73004117	114.2408795
0002	22.72704287	114.2996199
0003	22.70131065	114.2336007
0004	22.73235925	114.2866672
0005	22.71839144	114.2575495
0006	22.75392493	114.3819253
0007	22.72404221	114.2721836
0008	22.71937803	114.2732478
0009	22.73028254	114.2304955
0010	22.7187968	114.267027
0011	22.65746229	114.3476957
0012	22.71611614	114.2474716
0013	22.72986374	114.2939012
0014	22.746174	114.285869
0015	22.7333086	114.2943071
0016	22.74551648	114.2744633
0017	22.72282036	114.2654813
0018	22.72492675	114.2731306
0019	22.74551648	114.2744633
0020	22.75335785	114.285655
0021	22.72554895	114.2724564
0022	22.73048185	114.2297108
0023	22.75031119	114.2734629
0024	22.73832325	114.2906521
0025	22.72204702	114.2629243
0026	22.72837483	114.2928568
0027	22.73756811	114.2823889
0028	22.73188624	114.3028398
0029	22.74778137	114.2747219
0030	22.73658843	114.2961774
0031	22.74121631	114.2620083
0032	22.70831192	114.2434107
0033	22.73658843	114.2961774
0034	22.65746229	114.3476957
0035	22.73385612	114.2613534
0036	22.73305308	114.3011875
0037	22.732721	114.261045
0038	22.73287891	114.2611436
0039	22.65746229	114.3476957
0040	22.73581545	114.2735094
0041	22.73156241	114.2875823
0042	22.7167929	114.2703179
0043	22.72610429	114.2414213
0044	22.70601576	114.2416887
0045	22.70584501	114.2428698
0046	22.65746229	114.3476957
0047	22.71886556	114.2658133
0048	22.73806842	114.2664469
0049	22.73841361	114.2769492
0050	22.69864675	114.2417616
0051	22.719527	114.265143
0052	22.65746229	114.3476957
0053	22.72230496	114.2514128
0054	22.71929156	114.2602181
0055	22.73305324	114.2761711
0056	22.71670893	114.2452346
0057	22.72171594	114.2780743
0058	22.73079366	114.2683862
0059	22.71392643	114.237995
0060	22.72085613	114.247361
0061	22.73008534	114.3031914
0062	22.72504817	114.2923585
0063	22.71013195	114.2495414
0064	22.73597693	114.2767908
0065	22.73319874	114.2894757
0066	22.72256534	114.2786661
0067	22.73007657	114.3032102
0068	22.72538813	114.2953439
0069	22.73815392	114.2569106
0070	22.72951735	114.2401706
0071	22.72391473	114.2957052
0072	22.72951735	114.2401706
0073	22.72370574	114.2917726
0074	22.74288185	114.2883525
0075	22.7243195	114.261971
0076	22.72428899	114.2620111
0077	22.65746229	114.3476957
0078	22.72426525	114.296727
0079	22.70931634	114.2465701
0080	22.73052926	114.2806588
0081	22.72020559	114.2920284
0082	22.69916025	114.2432151
0083	22.7870271	114.3308735
0084	22.71626246	114.2704209
0085	22.73533826	114.2594777
0086	22.70468225	114.234143
0087	22.70289012	114.2364959
0088	22.73310324	114.2772374
0089	22.70049094	114.2406953
0090	22.73198737	114.2326041
0091	22.71811748	114.2480026
0092	22.71823136	114.248542
0093	22.73315615	114.2976629
0094	22.7308492	114.2427673
0095	22.71448951	114.2443288
0096	22.74160353	114.2875816
0097	22.72943188	114.2668519
0098	22.729348	114.279054
0099	22.69963949	114.1445579
0100	22.73636566	114.2858926
0101	22.74680488	114.2693444
0102	22.72312465	114.2747366
0103	22.75419616	114.284078
0104	22.72852163	114.2297897
0105	22.70933559	114.2612754
0106	22.73393225	114.2489042
0107	22.73393225	114.2489042
0108	22.71142907	114.2635062
0109	22.7001461	114.2400287
0110	22.65746229	114.3476957
0111	22.57170781	113.9054286
0112	22.69916025	114.2432151
0113	22.58012226	113.8844056
0114	22.57806395	113.8930076
0115	22.57091037	113.9009025
0116	22.72726491	114.3009914
0117	22.73389406	114.2396681
0118	22.56992336	113.9013757
0119	22.58035946	113.8984183
0120	22.56561999	113.8947079
0121	22.56910214	113.8860951
0122	22.57170781	113.9054286
0123	22.55822386	114.0818804
0124	22.58410432	113.9122078
0125	22.57987513	113.8978568
0126	22.57712134	113.8638951
0127	22.57170781	113.9054286
0128	22.57168291	113.8877469
0129	22.57303132	113.8814413
0130	22.57267667	113.8805319
0131	22.58175242	114.1113526
0132	22.58590837	113.8689944
0133	22.57243072	113.8808339
0134	22.58240219	113.9123868
0135	22.58505996	113.8804038
0136	22.5831793	113.8718454
0137	22.56485883	113.9045792
0138	22.58594296	113.8795634
0139	22.56657119	113.9046491
0140	22.58756183	113.9117972
0141	22.58448467	113.9136259
0142	22.5736525	113.8819075
0143	22.58141842	113.9088748
0144	22.58208009	113.9149636
0145	22.59600774	113.8942174
0146	22.58466698	113.9117696
0147	22.58197694	113.9099919
0148	22.58483596	113.907636
0149	22.58198463	113.9089284
0150	22.57383761	113.8956075
0151	22.70743279	113.9300131
0152	22.58376293	113.905228
0153	22.58666121	113.9091719
0154	22.58336455	113.8930415
0155	22.57119236	113.8871773
0156	22.58133203	113.9072224
0157	22.570735	113.888782
0158	22.58551616	113.8933101
0159	22.59407372	113.8948922
0160	22.58541388	113.8931929
0161	22.58551616	113.8933101
0162	22.60766566	113.8585519
0163	22.57622074	113.8767875
0164	22.56510124	113.8858711
0165	22.5931062	113.9021913
0166	22.58700738	113.9231605
0167	22.58750507	113.9071832
0168	22.59051277	113.8960994
0169	22.57711212	113.873867
0170	22.58732409	113.9078329
0171	22.59051277	113.8960994
0172	22.58961102	113.918917
0173	22.57966703	113.8737324
0174	22.5744374	113.8899815
0175	22.58685109	113.8936543
0176	22.58680135	113.8936142
0177	22.57500555	113.8905324
0178	22.59461111	113.9010205
0179	22.56548368	113.894197
0180	22.58145629	113.8647656
0181	22.58095046	113.8998611
0182	22.57756841	113.9026461
0183	22.56975718	113.9104326
0184	22.5861062	113.8943549
0185	22.58166841	113.8803978
0186	22.55544624	113.8991863
0187	22.55443044	113.8943467
0188	22.57352699	113.8751521
0189	22.74690859	114.0246196
0190	22.55592573	113.8918949
0191	22.57721378	113.8818248
0192	22.56233651	113.9076439
0193	22.57483549	113.8811973
0194	22.56840437	113.8955019
0195	22.57179737	113.8938529
0196	22.57991456	113.9186506
0197	22.58118773	113.919615
0198	22.58699587	113.8709936
0199	22.70743279	113.9300131
0200	22.59026789	113.8716802
0201	22.56723379	113.8977448
0202	22.58148284	113.9198961
0203	22.56634249	113.8997181
0204	22.58699587	113.8709936
0205	22.56702598	113.9105272
0206	22.57942148	113.8916572
0207	22.59021636	113.9036465
0208	22.57129816	113.8920232
0209	22.56483939	113.9142709
0210	22.56648854	113.8811251
0211	22.53470014	113.934485
0212	22.56356707	113.8834799
0213	22.58829674	113.8708217
0214	22.57134458	113.894243
0215	22.5643814	113.9089121
0216	22.56392369	113.9068952
0217	22.56417316	113.908003
0218	22.58433891	113.8809909
0219	22.59001679	113.8669876
0220	23.12505187	113.4261179
0221	23.1328338	113.4343643
0222	23.12908146	113.425454
0223	23.15568967	113.4144292
0224	23.12689122	113.4261471
0225	23.13405701	113.401953
0226	23.12689122	113.4261471
0227	23.13146449	113.3995361
0228	23.1243926	113.4262066
0229	23.12922062	113.422686
0230	23.12411148	113.4260987
0231	23.20441423	113.3732346
0232	23.16612927	113.3856429
0233	23.12923272	113.4285739
0234	23.13438526	113.3869839
0235	23.18017757	113.3575718
0236	23.16306207	113.3489867
0237	23.17957517	113.3573318
0238	23.14151184	113.3622198
0239	23.17402066	113.3658252
0240	23.12820124	113.4098039
0241	23.17773454	113.3592463
0242	23.17196247	113.3533515
0243	23.14151184	113.3622198
0244	23.17630829	113.3577083
0245	23.11822805	113.3654361
0246	23.1912179	113.3356676
0247	23.1205956	113.3644074
0248	23.1210796	113.3705992
0249	23.1582894	113.3588341
0250	23.1215785	113.3771234
0251	23.12641073	113.3664706
0252	23.1630241	113.3350317
0253	23.12173317	113.3642769
0254	23.11797902	113.3634212
0255	23.21850801	113.38547
0256	23.16659194	113.3382389
0257	23.21664501	113.391511
0258	23.12116497	113.4259499
0259	23.16612927	113.3856429
0260	23.11974432	113.4242469
0261	23.2032568	113.371018
0262	23.19488528	113.3482489
0263	23.21719106	113.3842337
0264	23.207743	113.3871093
0265	23.16791901	113.333968
0266	23.12054511	113.3786088
0267	23.2066358	113.3301951
0268	23.16389013	113.4163251
0269	23.16825306	113.3381455
0270	23.12768631	113.3370741
0271	23.13175467	113.4083019
0272	23.12652681	113.3397282
0273	23.12252179	113.3355431
0274	23.12769351	113.3375407
0275	23.16515112	113.4156573
0276	23.16156123	113.3040001
0277	23.19965405	113.3471287
0278	23.16612927	113.3856429
0279	23.13075055	113.3357563
0280	23.15618288	113.312235
0281	23.16612927	113.3856429
0282	23.12544156	113.4121673
0283	23.20209388	113.4056993
0284	23.14811461	113.3527602
0285	23.14634409	113.3274108
0286	23.14744653	113.3511514
0287	23.20467801	113.432874
0288	23.13689572	113.3511279
0289	23.14080635	113.3458805
0290	23.15029712	113.3464253
0291	23.13980826	113.3276992
0292	23.12741628	113.4158214
0293	23.1347199	113.3692562
0294	23.13708468	113.3341858
0295	23.13325275	113.3927583
0296	23.14043782	113.3856567
0297	23.13020053	113.3756045
0298	23.13208667	113.3897653
0299	23.13746237	113.3939663
0300	23.1332381	113.3860504
0301	23.11587316	113.4138164
0302	23.17528334	113.3591743
0303	23.13600769	113.3859074
0304	23.13612309	113.3963694
0305	23.11401571	113.4172338
0306	23.11486722	113.4190267
0307	23.11640019	113.4177526
0308	23.14889709	113.3141524
0309	23.14097651	113.3827285
0310	23.13554328	113.3499491
0311	23.1388268	113.3854092
0312	23.1584355	113.3504712
0313	23.11401571	113.4172338
0314	23.15181752	113.3170388
0315	23.14281326	113.376374
0316	23.16518518	113.3251699
0317	23.14179474	113.3769596
0318	23.1381659	113.3728361
0319	23.1381659	113.3728361
0320	23.14174121	113.377658
0321	23.142295	113.3788442
0322	23.16922499	113.3296776
0323	23.14033634	113.3742391
0324	23.18859501	113.3424595
0325	23.14205325	113.3791218
0326	23.1299184	113.3862624
0327	23.19728186	113.3735902
0328	23.13028106	113.3863021
0329	23.17598801	113.359472
0330	23.17212957	113.3267016
0331	23.1475	113.4439109
0332	23.18831874	113.3423526
0333	23.17480316	113.3322298
0334	23.19650484	113.3731917
0335	23.16114801	113.407645
0336	23.14494501	113.34224
0337	23.16612927	113.3856429
0338	23.15972056	113.4046289
0339	23.15892328	113.4010558
0340	23.12688441	113.4190483
0341	23.11859266	113.363084
0342	23.12929222	113.4225656
0343	23.12220706	113.4038838
0344	23.20681869	113.3719943
0345	23.1758545	113.3986552
0346	23.20819295	113.3782438
0347	23.20044124	113.3735598
0348	23.17843172	113.4044495
0349	23.17442846	113.4055186
0350	23.2025618	113.3730311
0351	23.13509985	113.3314282
0352	23.20837788	113.3759994
0353	23.2015648	113.3728935
0354	23.16612927	113.3856429
0355	23.15243901	113.335162
0356	23.20200824	113.3923275
0357	23.14183643	113.3781751
0358	23.20157236	113.3932173
0359	23.16612927	113.3856429
0360	23.15263157	113.3319798
0361	23.13349021	113.4174727
0362	23.11575166	113.4317335
0363	23.11368753	113.4290361
0364	23.12638053	113.3942373
0365	23.1193031	113.4255468
0366	23.19773995	113.4183009
0367	23.20168853	113.3996451
0368	23.13081846	113.3660173
0369	23.12857886	113.3915925
0370	23.19899194	113.4238969
0371	23.1632708	113.3191358
0372	23.16256359	113.320802
0373	23.1284712	113.3912495
0374	23.13205746	113.4221537
0375	23.13422755	113.4403644
0376	23.13285803	113.4363703
0377	23.11279965	113.4187034
0378	23.13344913	113.43629
0379	23.13376665	113.4347543
0380	23.13583071	113.4350654
0381	23.13375072	113.4413379
0382	23.12890686	113.3660867
0383	23.1291518	113.3668751
0384	23.12281346	113.4178167
0385	23.12885506	113.4188679
0386	23.11962203	113.4152453
0387	23.12186551	113.4159949
0388	23.12039061	113.4185514
0389	23.15693214	113.3509639
0390	23.12922062	113.422686
0391	23.13249699	113.4178735
0392	23.12515753	113.3292059
0393	23.12922062	113.422686
0394	23.16964159	113.3892304
0395	23.1402856	113.3760807
0396	23.17610377	113.3747066
0397	23.14206099	113.379267
0398	23.13774085	113.3623959
0399	23.17840518	113.3389591
0400	23.14545882	113.3660191
0401	23.1216073	113.3470553
0402	23.12290431	113.3527004
0403	23.1469423	113.369359
0404	23.16612927	113.3856429
0405	23.16612927	113.3856429
0406	23.1968891	113.3339044
0407	23.16202059	113.3130133
0408	23.19978107	113.4060446
0409	23.17969451	113.3261765
0410	23.12579085	113.4293179
0411	23.16612927	113.3856429
0412	23.14080318	113.350435
0413	23.12530182	113.4031386
0414	23.16732015	113.3237873
0415	23.1212872	113.4070672
0416	23.12759406	113.4087636
0417	23.14004212	113.3796294
0418	23.15532417	113.3310176
0419	23.16612927	113.3856429
0420	23.13711924	113.3898865
0421	23.15512634	113.3308469
0422	23.12565121	113.4288337
0423	23.1486366	113.4428693
0424	23.1745072	113.3612287
0425	23.16612927	113.3856429
0426	23.15713798	113.3418418
0427	23.1383053	113.3650099
0428	23.16376379	113.4356948
0429	23.12723201	113.403614
0430	23.12470045	113.4104321
0431	23.14682911	113.4408893
0432	23.16329001	113.344705
0433	23.11545269	113.402635
0434	23.11665299	113.370997
0435	23.11770618	113.3701314
0436	23.12456025	113.4004077
0437	23.17843093	113.3484722
0438	23.15891441	113.403394
0439	23.11751722	113.3707793
0440	23.13002371	113.401493
0441	23.13236227	113.4009143
0442	23.12326076	113.3772618
0443	23.13044998	113.4046842
0444	23.12791853	113.4032901
0445	23.12936525	113.4034057
0446	23.12636543	113.4019455
0447	23.12926908	113.4012359
0448	23.12686091	113.3989386
0449	23.12865975	113.4003061
0450	23.12767612	113.399922
0451	23.12838811	113.3999267
0452	23.12577436	113.4021331
0453	23.17110001	113.386176
0454	23.1702714	113.3845854
0455	23.169935	113.3873962
0456	23.17088694	113.384945
0457	23.17297534	113.3891679
0458	23.13224525	113.4015337
0459	23.1223545	113.4039966
0460	23.16733018	113.3884603
0461	23.16612705	113.3911312
0462	23.13783116	113.3491553
0463	23.10524047	113.2651575
0464	23.10335599	113.2791487
0465	23.10191316	113.2751669
0466	23.16612927	113.3856429
0467	23.11103724	113.2883062
0468	23.12895676	113.4276409
0469	23.19628164	113.3347933
0470	23.19665542	113.337286
0471	23.10907036	113.2547014
0472	23.13283733	113.4193566
0473	23.10129999	113.2946521
0474	23.10122986	113.2946722
0475	23.1076787	113.3386013
0476	23.0742034	113.3630844
0477	23.10408936	113.3351389
0478	23.0742034	113.3630844
0479	23.06418839	113.362687
0480	23.05671252	113.3457198
0481	23.09089713	113.3003223
0482	23.09919654	113.3296033
0483	23.114957	113.2814447
0484	23.08312711	113.3007523
0485	23.07960516	113.3043783
0486	23.0845868	113.2826599
0487	23.09498583	113.3411369
0488	23.08619006	113.325538
0489	23.10167845	113.3425208
0490	23.10320259	113.3264069
0491	23.11506401	113.281722
0492	23.08098288	113.2878
0493	23.10157845	113.3266995
0494	23.09761507	113.3055911
0495	23.09454748	113.2876803
0496	23.09458181	113.2923934
0497	23.09732543	113.3034853
0498	23.10574469	113.3011106
0499	23.09263632	113.3419836
0500	23.10420069	113.3532167
0501	23.10483155	113.3448499
0502	23.08280922	113.2929272
0503	23.08293112	113.2934438
0504	23.10815359	113.3117107
0505	23.0968528	113.2906035
0506	23.06315734	113.3646997
0507	23.07284432	113.3113609
0508	23.07267048	113.3109996
0509	23.07350832	113.3089423
0510	23.09866075	113.2876385
0511	23.10608204	113.3150025
0512	23.10909927	113.2863779
0513	23.07291504	113.3591541
0514	23.10904524	113.2867449
0515	23.07619087	113.2972712
0516	23.09674521	113.2733857
0517	23.07414653	113.3633138
0518	23.08762923	113.3338413
0519	23.10959733	113.2644583
0520	23.11302326	113.2717933
0521	23.08626228	113.3252833
0522	23.08762923	113.3338413
0523	23.09083386	113.3481028
0524	23.09443038	113.2912593
0525	23.08611484	113.3571097
0526	23.09074297	113.347183
0527	23.08759594	113.2925606
0528	23.06997542	113.2871034
0529	23.09395878	113.2918453
0530	23.09395878	113.2918453
0531	23.07809247	113.2881606
0532	23.10572662	113.3155669
0533	23.08702438	113.3198584
0534	23.07492128	113.2841109
0535	23.08663504	113.3251015
0536	23.08619006	113.325538
0537	23.08762923	113.3338413
0538	23.08777107	113.327694
0539	23.08393271	113.3575898
0540	23.0885492	113.3250723
0541	23.1045085	113.3148747
0542	23.08238575	113.3038992
0543	23.08135228	113.3015904
0544	23.08169015	113.3026379
0545	23.08371758	113.296943
0546	23.08024183	113.2971605
0547	23.08703248	113.2980198
0548	23.08703864	113.3001433
0549	23.10764362	113.2701929
0550	23.09830727	113.2771132
0551	23.06045481	113.3396684
0552	23.08855622	113.3276184
0553	23.05642216	113.3468796
0554	23.07535847	113.2994357
0555	23.09450564	113.3494191
0556	23.0769887	113.306174
0557	23.09830727	113.2771132
0558	23.10764362	113.2701929
0559	23.11502775	113.2691385
0560	23.0908047	113.286799
0561	23.08216973	113.3399428
0562	23.08267459	113.3418352
0563	23.11712058	113.2787457
0564	23.10004705	113.2703402
0565	23.07510657	113.27627
0566	23.10947776	113.2747799
0567	23.08605616	113.2910893
0568	23.08371085	113.2907706
0569	23.09280254	113.3140215
0570	23.09734752	113.3148837
0571	23.0960694	113.3132581
0572	23.08762923	113.3338413
0573	23.08762923	113.3338413
0574	23.09640402	113.3144109
0575	23.09280254	113.3140215
0576	23.08544367	113.3855935
0577	23.09618582	113.3140307
0578	23.09338705	113.3134209
0579	23.09795055	113.3143101
0580	23.09528619	113.3185577
0581	23.09389183	113.3159897
0582	23.09436	113.3167254
0583	23.09389183	113.3159897
0584	23.09716146	113.3136987
0585	23.08762923	113.3338413
0586	23.09389183	113.3159897
0587	23.09409555	113.3163308
0588	23.09420024	113.3188899
0589	23.0878842	113.3451148
0590	23.09692509	113.3269848
0591	23.08973575	113.2976973
0592	23.08308279	113.3399863
0593	23.08637024	113.3412992
0594	23.11019087	113.329128
0595	23.06625282	113.3205315
0596	23.08308279	113.3399863
0597	23.09702401	113.271248
0598	23.09179241	113.3108031
0599	23.08443045	113.3005584
0600	23.09378139	113.3058854
0601	23.07471447	113.309575
0602	23.0938719	113.3071937
0603	23.09236038	113.310923
0604	23.09538155	113.31135
0605	23.09120807	113.3040622
0606	23.09369936	113.3105567
0607	23.1379793	113.2105169
0608	23.09908867	113.3087889
0609	23.08981619	113.3357429
0610	23.08636387	113.3323075
0611	23.07122717	113.2953972
0612	23.07708809	113.2899715
0613	23.08727993	113.3326277
0614	23.08719521	113.3339208
0615	23.08762923	113.3338413
0616	23.06273312	113.3638479
0617	23.07618942	113.2946005
0618	23.07784748	113.2986038
0619	23.10627448	113.3002881
0620	23.1229609	113.2624036
0621	23.08762923	113.3338413
0622	23.07951586	113.2823217
0623	23.11421758	113.285233
0624	23.08762923	113.3338413
0625	23.08205701	113.280943
0626	23.10607866	113.2918264
0627	23.08762923	113.3338413
0628	23.0765992	113.3605562
0629	23.08762923	113.3338413
0630	23.07402047	113.3605711
0631	23.07837933	113.3554514
0632	23.08762923	113.3338413
0633	23.07152743	113.3273101
0634	23.07402047	113.3605711
0635	23.07796368	113.3569347
0636	23.07838549	113.358134
0637	23.07781713	113.3550919
0638	23.08444791	113.3294982
0639	23.07775339	113.3546727
0640	23.07246747	113.323825
0641	23.0718287	113.2890075
0642	23.08065868	113.2770048
0643	23.07294792	113.3250291
0644	23.10737998	113.2957577
0645	23.08762923	113.3338413
0646	23.07094246	113.32752
0647	23.08658267	113.3421038
0648	23.08762923	113.3338413
0649	23.09377133	113.3676052
0650	23.09544271	113.3453691
0651	23.09608467	113.3047565
0652	23.07991274	113.2808283
0653	23.09899171	113.2601142
0654	23.09312304	113.2935605
0655	23.07540145	113.2892083
0656	23.09857836	113.2662736
0657	23.07401136	113.2887508
0658	23.09660821	113.321503
0659	23.09863094	113.3182336
0660	23.10543561	113.2895225
0661	23.0958718	113.3252172
0662	23.12437571	113.2829182
0663	23.08762923	113.3338413
0664	23.08572322	113.3332898
0665	23.09227222	113.3127916
0666	23.09150881	113.3161723
0667	23.0910146	113.3255241
0668	23.10130249	113.3146942
0669	23.09656735	113.3213264
0670	23.10041876	113.333484
0671	23.10104752	113.3364545
0672	23.10275735	113.318254
0673	23.07324994	113.3134624
0674	23.08762923	113.3338413
0675	23.09060267	113.3623609
0676	23.09478623	113.3367409
0677	23.09134812	113.3632169
0678	23.09100546	113.3318167
0679	23.09019405	113.2772433
0680	23.09169795	113.2754754
0681	23.07668521	113.3096702
0682	23.09821801	113.268301
0683	23.10905359	113.3179521
0684	23.10022614	113.2726541
0685	23.06418839	113.362687
0686	23.10274771	113.2711952
0687	23.08249298	113.3850366
0688	23.15365534	113.2342723
0689	23.09735944	113.2842601
0690	23.17204515	113.2813927
0691	23.1972434	113.2627572
0692	23.2075447	113.2432108
0693	23.21081029	113.2450433
0694	23.21081029	113.2450433
0695	23.16551455	113.2295885
0696	23.29451408	113.3313063
0697	23.22906404	113.3128156
0698	23.29451408	113.3313063
0699	23.16551455	113.2295885
0700	23.1882337	113.2684768
0701	23.22172826	113.3087789
0702	23.19082252	113.2724791
0703	23.29451408	113.3313063
0704	23.22152157	113.309553
0705	23.17819414	113.2647026
0706	23.16970076	113.245911
0707	23.17859247	113.2639853
0708	23.29451408	113.3313063
0709	23.22152157	113.309553
0710	23.22075746	113.3080152
0711	23.17664253	113.2559723
0712	23.19684776	113.2734356
0713	23.22620436	113.3073348
0714	23.23160086	113.3106535
0715	23.22385331	113.306929
0716	23.19246089	113.2736317
0717	23.2207284	113.3089485
0718	23.23782901	113.308346
0719	23.22481794	113.3054284
0720	23.16732015	113.2597465
0721	23.23396983	113.3109769
0722	23.19462568	113.2640926
0723	23.23407815	113.3101896
0724	23.23543796	113.2770141
0725	23.17583833	113.2481992
0726	23.19886704	113.2716597
0727	23.21273332	113.2413421
0728	23.16615703	113.2591405
0729	23.22557919	113.3125664
0730	23.1761072	113.2475017
0731	23.149658	113.2253947
0732	23.19928979	113.2671345
0733	23.19993947	113.2613617
0734	23.20932455	113.2579986
0735	23.21080059	113.2590832
0736	23.19803415	113.2646108
0737	23.21021749	113.2556476
0738	23.20841472	113.2577212
0739	23.19797648	113.3331576
0740	23.29451408	113.3313063
0741	23.15870575	113.2662883
0742	23.22596441	113.272686
0743	23.18968038	113.2672583
0744	23.17903723	113.2753205
0745	23.29451408	113.3313063
0746	23.19071731	113.2582008
0747	23.19086356	113.2558512
0748	23.19166658	113.2583624
0749	23.22975601	113.293487
0750	23.20256571	113.3294117
0751	23.24077183	113.2899343
0752	23.17679539	113.2427467
0753	23.24237056	113.2816939
0754	23.29451408	113.3313063
0755	23.19826252	113.2586816
0756	23.20025698	113.3283594
0757	23.24560454	113.2888119
0758	23.29451408	113.3313063
0759	23.24426247	113.2777915
0760	23.24383596	113.2876449
0761	23.21901243	113.3357352
0762	23.24378498	113.2856705
0763	23.22680334	113.3094638
0764	23.13699912	113.3948015
0765	23.17474288	113.2416578
0766	23.24560454	113.2888119
0767	23.24560454	113.2888119
0768	23.15641688	113.2530431
0769	23.220519	113.2340276
0770	23.18848224	113.2338488
0771	23.17973157	113.262242
0772	23.19899749	113.2610729
0773	23.18843764	113.2354044
0774	23.17978401	113.262046
0775	23.18091592	113.2621524
0776	23.16478319	113.2473809
0777	23.19986204	113.258489
0778	23.19638848	113.2725975
0779	23.20526565	113.2611606
0780	23.19331614	113.2401122
0781	23.15994989	113.2278135
0782	23.19746128	113.2366326
0783	23.20118206	113.2627445
0784	23.185965	113.2552556
0785	23.17923709	113.2590134
0786	23.1998715	113.2585149
0787	23.18851763	113.2567373
0788	23.15620952	113.2280859
0789	23.20062261	113.2614293
0790	23.29451408	113.3313063
0791	23.16705287	113.2287605
0792	23.16697007	113.2358627
0793	23.16426121	113.2281478
0794	23.16835494	113.2304667
0795	23.22038167	113.2321281
0796	23.21280913	113.2563331
0797	23.20808563	113.2577813
0798	23.16524223	113.2286286
0799	23.18217853	113.2613571
0800	23.18749279	113.2575708
0801	23.19898134	113.2488865
0802	23.21238008	113.2455835
0803	23.17505201	113.245989
0804	23.21935059	113.2920397
0805	23.17148317	113.2721342
0806	23.25614853	113.3214684
0807	23.17565746	113.2420579
0808	23.21372435	113.2599992
0809	23.29451408	113.3313063
0810	23.17480224	113.2576545
0811	23.17628972	113.2569385
0812	23.19141113	113.2669427
0813	23.18587456	113.2571944
0814	23.22653607	113.2354234
0815	23.16474804	113.26768
0816	23.14899517	113.1701124
0817	23.17905304	113.2571002
0818	23.1726583	113.2597049
0819	23.21972176	113.2312636
0820	23.18428586	113.233682
0821	23.21701057	113.2848997
0822	23.21774241	113.2316159
0823	23.21232983	113.3325744
0824	23.21671701	113.229748
0825	23.16893487	113.2760813
0826	23.21039927	113.331032
0827	23.21301495	113.2392469
0828	23.18289047	113.2501184
0829	23.19890609	113.2732558
0830	23.24022717	113.2930114
0831	23.22301032	113.2559252
0832	23.29451408	113.3313063
0833	23.23640419	113.2853056
0834	23.24560454	113.2888119
0835	23.19697373	113.2484183
0836	23.19232397	113.3463288
0837	23.23654201	113.285113
0838	23.18454838	113.2523117
0839	23.21091918	113.2644936
0840	23.22787383	113.3117009
0841	23.16409511	113.2395024
0842	23.22872783	113.3112224
0843	23.19283563	113.2628347
0844	23.19025492	113.3292015
0845	23.22737521	113.3126598
0846	23.18637825	113.3297315
0847	23.17992592	113.2151645
0848	23.21344409	113.2646931
0849	23.21375646	113.2674042
0850	23.15268275	113.23529
0851	23.29451408	113.3313063
0852	23.17992592	113.2151645
0853	23.15292102	113.2342537
0854	23.29451408	113.3313063
0855	23.17595545	113.2641923
0856	23.17114122	113.2799194
0857	23.23053044	113.2723441
0858	23.16472703	113.2682921
0859	23.18617447	113.3315811
0860	23.16573237	113.2679602
0861	23.18760291	113.3293309
0862	23.17362081	113.2633331
0863	23.18816635	113.3329707
0864	23.17457471	113.2653971
0865	23.22234285	113.2980538
0866	23.22220281	113.2988216
0867	23.18654602	113.3324006
0868	23.17548991	113.2751534
0869	23.22320441	113.2952196
0870	23.15800356	113.2702271
0871	23.18394007	113.2793908
0872	23.15907497	113.2706768
0873	23.22286001	113.299456
0874	23.21638169	113.282026
0875	23.21458458	113.2824032
0876	23.2120392	113.2891444
0877	23.23938801	113.30976
0878	23.21842479	113.2864192
0879	23.2119763	113.2842362
0880	23.21230095	113.2845938
0881	23.21717004	113.284034
0882	23.21435318	113.2820337
0883	23.21252068	113.2844637
0884	23.21643674	113.2890167
0885	23.16048646	113.2704677
0886	23.2039612	113.2704814
0887	23.20637145	113.2285328
0888	23.23628282	113.30108
0889	23.20270245	113.2661344
0890	23.17449779	113.2613051
0891	23.20560732	113.2648246
0892	23.17431501	113.266745
0893	23.24196262	113.349727
0894	23.19493301	113.267895
0895	23.21065722	113.2806479
0896	23.21064085	113.2799764
0897	23.20980726	113.2772582
0898	23.36455785	113.2098988
0899	23.21790117	113.2911809
0900	23.23279101	113.282031
0901	23.23181953	113.2828578
0902	23.21210315	113.2646045
0903	23.20924966	113.2630645
0904	23.17969706	113.3256248
0905	23.23262559	113.2838394
0906	23.2419148	113.296958
0907	23.2258926	113.2607138
0908	23.23220257	113.2828156
0909	23.23220257	113.2828156
0910	23.29451408	113.3313063
0911	23.29451408	113.3313063
0912	23.2265657	113.2962791
0913	23.2265657	113.2962791
0914	23.2265657	113.2962791
0915	23.22499187	113.2319476
0916	23.29451408	113.3313063
0917	23.16855947	113.254759
0918	23.22242701	113.237711
0919	23.22244292	113.2342204
0920	23.22114324	113.2319099
0921	23.22618785	113.2374362
0922	23.22575631	113.232599
0923	23.22082641	113.2298735
0924	23.2306603	113.3056785
0925	23.22332543	113.2744367
0926	23.22050464	113.2826379
0927	23.22450282	113.2720301
0928	23.22129673	113.2727296
0929	23.22288001	113.271505
0930	23.17809539	113.2469203
0931	23.22202087	113.2716705
0932	23.23525067	113.280295
0933	23.22138334	113.27877
0934	23.15633512	113.270731
0935	23.14935422	113.233401
0936	23.23439887	113.3108505
0937	23.14803299	113.2340485
0938	23.17893034	113.2535192
0939	23.20617703	113.278833
0940	23.18598142	113.3309846
0941	23.29451408	113.3313063
0942	23.23434698	113.3108435
0943	23.10252229	113.3221335
0944	23.15363967	113.2398078
0945	23.29451408	113.3313063
0946	23.20298421	113.2302324
0947	23.18333071	113.247069
0948	23.20346559	113.2308918
0949	23.15239717	113.238021
0950	23.15487057	113.2372982
0951	23.18664944	113.2637415
0952	23.15999994	113.2399971
0953	23.15026215	113.2360735
0954	23.15297034	113.4125415
0955	23.29451408	113.3313063
0956	23.19430198	113.2728967
0957	23.20639486	113.2292435
0958	23.16092701	113.239809
0959	23.14912643	113.2260365
0960	23.19303239	113.2758203
0961	23.19530151	113.2762597
0962	23.19340072	113.2758701
0963	23.22453657	113.2546084
0964	23.21937459	113.2495827
0965	23.29451408	113.3313063
0966	23.20332592	113.2585497
0967	23.21593971	113.2473543
0968	23.21633129	113.24781
0969	23.236306	113.3459203
0970	23.24365225	113.280738
0971	23.20444656	113.2620582
0972	23.18588037	113.2543652
0973	23.20229579	113.258312
0974	23.16953657	113.2543605
0975	23.29451408	113.3313063
0976	23.2148451	113.2919583
0977	23.185858	113.2364275
0978	23.21458628	113.2931559
0979	23.21518756	113.3328086
0980	23.21565299	113.3005692
0981	23.21473408	113.2926992
0982	23.21329881	113.2918655
0983	23.21333624	113.290084
0984	23.23043918	113.3089391
0985	23.20949778	113.294132
0986	23.20606336	113.3350641
0987	23.19787458	113.2769683
0988	23.14106036	113.517519
0989	23.20707513	113.3358952
0990	23.19691103	113.3369855
0991	23.19219993	113.2655972
0992	23.2072038	113.3360354
0993	23.23756506	113.3024524
0994	23.17236609	113.2552631
0995	23.2059964	113.3357756
0996	23.22323709	113.2751832
0997	23.13464619	113.3051016
0998	22.736345	114.29276
0999	22.65746229	114.3476957
1000	22.7250156	114.2718812
1001	22.72269971	114.2725735
1002	22.65746229	114.3476957
1003	22.65746229	114.3476957
1004	22.73235925	114.2866672
1005	22.69926799	114.2641916
1006	22.72531133	114.2971672
1007	22.73490154	114.2830585
1008	22.73542986	114.2607239
1009	22.73526214	114.2839997
1010	22.73530136	114.2840665
1011	22.72805604	114.2974051
1012	22.71896733	114.2673088
1013	22.72556414	114.2764771
1014	22.73466108	114.3832577
1015	22.70652075	114.237706
1016	22.70123997	114.2335408
1017	22.722242	114.264709
1018	22.74551648	114.2744633
1019	22.7091761	114.2457202
1020	22.70442389	114.2449521
1021	22.73230316	114.2938262
1022	22.73516654	114.2926211
1023	22.72237661	114.2636763
1024	22.70241604	114.2331824
1025	22.74684355	114.2810882
1026	22.67679151	114.1684238
1027	22.70179996	114.2462511
1028	22.7503764	114.2841118
1029	22.74679997	114.2814093
1030	22.67679151	114.1684238
1031	22.71657334	114.26462
1032	22.72243511	114.260494
1033	22.71594076	114.2641777
1034	22.74990779	114.2852632
1035	22.72222972	114.2627237
1036	22.73898721	114.2916941
1037	22.72459528	114.2756081
1038	22.71974273	114.2483255
1039	22.74903563	114.2854073
1040	22.73073172	114.2289927
1041	22.72554895	114.2724564
1042	22.75249745	114.2854803
1043	22.73188624	114.3028398
1044	22.73382656	114.2614129
1045	22.7331071	114.2526879
1046	22.7342148	114.2613771
1047	22.70831192	114.2434107
1048	22.73970463	114.2927071
1049	22.70895636	114.239904
1050	22.73946157	114.261629
1051	22.65746229	114.3476957
1052	22.65746229	114.3476957
1053	22.700032	114.2367534
1054	22.65746229	114.3476957
1055	22.65746229	114.3476957
1056	22.74788622	114.2847665
1057	22.73635537	114.2619332
1058	22.67455842	114.2277209
1059	22.71199767	114.2468397
1060	22.60951798	114.1294791
1061	22.73173241	114.2616635
1062	22.73836674	114.264899
1063	22.732243	114.261357
1064	22.7344423	114.2863836
1065	22.72216701	114.2663643
1066	22.73875387	114.2830791
1067	22.73574677	114.2728672
1068	22.73297241	114.2872194
1069	22.71786812	114.2729068
1070	22.5708103	114.1445953
1071	22.72570425	114.2277593
1072	22.79120471	114.1055847
1073	22.70458164	114.2378447
1074	22.72080215	114.2680007
1075	22.70677747	114.2341628
1076	22.72570425	114.2277593
1077	22.70011627	114.2462028
1078	22.70011627	114.2462028
1079	22.72905239	114.2260978
1080	22.70316484	114.2478272
1081	22.70150175	114.2336098
1082	22.7341151	114.2769129
1083	22.69864675	114.2417616
1084	22.65746229	114.3476957
1085	22.7355461	114.2705996
1086	22.65746229	114.3476957
1087	22.71895274	114.26092
1088	22.55316139	114.1246391
1089	22.735718	114.262801
1090	22.73194096	114.2749276
1091	22.65746229	114.3476957
1092	22.7322152	114.2746865
1093	22.73198558	114.2752286
1094	22.731477	114.275707
1095	22.73195469	114.2752788
1096	22.72855155	114.2641527
1097	22.73456321	114.2748302
1098	22.7341565	114.2745946
1099	22.73305324	114.2761711
1100	22.73456648	114.2711724
1101	22.72789728	114.2642955
1102	22.74214041	114.2634722
1103	22.72272447	114.2509725
1104	22.72171594	114.2780743
1105	22.71392643	114.237995
1106	22.72115584	114.24764
1107	22.72639295	114.2470148
1108	22.70880822	114.2351312
1109	22.73556427	114.2758378
1110	22.73720479	114.2541654
1111	22.73652626	114.2751445
1112	22.73335327	114.271844
1113	22.73007657	114.3032102
1114	22.73563279	114.2781459
1115	22.72442564	114.2919969
1116	22.72325227	114.2995404
1117	22.72823238	114.2624803
1118	22.72538813	114.2953439
1119	22.7307068	114.2656576
1120	22.722555	114.301004
1121	22.72904357	114.2638435
1122	22.725358	114.261811
1123	22.727814	114.260776
1124	22.59509216	114.1209645
1125	22.73350323	114.2839298
1126	22.73221664	114.2567647
1127	22.65746229	114.3476957
1128	22.59509216	114.1209645
1129	22.73177451	114.2492856
1130	22.72375496	114.2615501
1131	22.73337445	114.2775156
1132	22.73533826	114.2594777
1133	22.73132808	114.2403392
1134	22.69828145	114.2436941
1135	22.73533826	114.2594777
1136	22.723003	114.269186
1137	22.69958647	114.2421262
1138	22.70415964	114.2345823
1139	22.65746229	114.3476957
1140	22.69859979	114.2430947
1141	22.70004714	114.2402084
1142	22.7026585	114.2364309
1143	22.65746229	114.3476957
1144	22.700952	114.235173
1145	22.72905166	114.2782714
1146	22.59671787	114.4823321
1147	22.70190763	114.2362357
1148	22.65746229	114.3476957
1149	22.74655125	114.2697451
1150	22.74031987	114.2862907
1151	22.71811748	114.2480026
1152	22.72961404	114.2445572
1153	22.74120498	114.2878247
1154	22.71102811	114.2369819
1155	22.72853255	114.2437285
1156	22.732041	114.297093
1157	22.73258234	114.2324722
1158	22.73412088	114.2814727
1159	22.73792076	114.2811252
1160	22.73801302	114.2815155
1161	22.71524652	114.2459915
1162	22.7307581	114.2424576
1163	22.64797517	114.237841
1164	22.70838561	114.2383159
1165	22.73801302	114.2815155
1166	22.63892492	114.5130004
1167	22.73202618	114.2323695
1168	22.7284182	114.2362671
1169	22.723273	114.2754344
1170	22.70964989	114.2611294
1171	22.7101966	114.2527857
1172	22.74101327	114.2678781
1173	22.72673316	114.2735391
1174	22.70044834	114.2409769
1175	22.73391699	114.2351752
1176	22.73354498	114.2417163
1177	22.69891398	114.2397181
1178	22.73248785	114.2374423
1179	22.70023796	114.239063
1180	22.73434232	114.2359449
1181	22.73389406	114.2396681
1182	22.57393075	113.8960683
1183	22.70285781	114.2351984
1184	22.70375668	114.2361072
1185	22.70135788	114.2380673
1186	22.70355002	114.2364764
1187	22.57170781	113.9054286
1188	22.57514149	113.8960094
1189	22.57498525	113.8967105
1190	22.57329032	113.8982118
1191	22.57208701	113.9050434
1192	22.57170781	113.9054286
1193	22.57090061	113.9002321
1194	22.58466698	113.9117696
1195	22.58466698	113.9117696
1196	22.58079663	113.8673371
1197	22.56574903	113.8948382
1198	22.58286164	113.9106085
1199	22.58466698	113.9117696
1200	22.57076412	113.8772541
1201	22.58639426	113.866136
1202	22.58032008	113.8983582
1203	22.57185771	113.8777792
1204	22.59219208	113.866349
1205	22.5963842	113.9044936
1206	22.56746423	113.8986769
1207	22.58787964	113.8661848
1208	22.58503773	113.8709198
1209	22.58787964	113.8661848
1210	22.58237794	113.9134731
1211	22.58569297	113.868949
1212	22.56777274	113.9082635
1213	22.56305545	113.902642
1214	22.58175242	114.1113526
1215	22.58175242	114.1113526
1216	22.56305545	113.902642
1217	22.56381198	113.8943855
1218	22.58505996	113.8804038
1219	22.567487	113.912186
1220	22.56371285	113.8906413
1221	22.58505996	113.8804038
1222	22.58485611	113.8804518
1223	22.5844226	113.8705045
1224	22.58491335	113.8798055
1225	22.58665744	113.9007896
1226	22.56001238	113.8966855
1227	22.55994522	113.9092287
1228	22.58815192	113.9024624
1229	22.58005616	113.9179984
1230	22.66929059	113.8178262
1231	22.58333928	113.8736621
1232	22.58130333	113.916484
1233	22.57966228	113.8765668
1234	22.5834227	113.8736621
1235	22.58536351	113.8758489
1236	22.574552	113.9023326
1237	22.58407411	113.875928
1238	22.56674424	113.9049221
1239	22.56427777	113.9017208
1240	22.56339727	113.900948
1241	22.58466984	113.8765473
1242	22.58399642	113.8761775
1243	22.53835813	113.9256918
1244	22.56899572	113.920738
1245	22.58646502	113.9083893
1246	22.58256967	113.9075724
1247	22.58210228	113.9084619
1248	22.58078574	113.9069813
1249	22.58170945	113.9080152
1250	22.580747	113.880359
1251	22.58280433	113.9046467
1252	22.57231277	113.8860783
1253	22.58298546	113.8928811
1254	22.58710274	113.9096838
1255	22.70743279	113.9300131
1256	22.58264451	113.9104378
1257	22.58130002	113.8912427
1258	22.59407372	113.8948922
1259	22.5777155	113.8761729
1260	22.57990534	113.8820968
1261	22.570735	113.888782
1262	22.5844493	113.9016649
1263	22.58447308	113.8933025
1264	22.59051277	113.8960994
1265	22.58156106	113.8911684
1266	22.57622074	113.8767875
1267	22.59051277	113.8960994
1268	22.58156106	113.8911684
1269	22.58551616	113.8933101
1270	22.58975974	113.9195555
1271	22.83560706	113.981193
1272	22.58657224	113.8948959
1273	22.58714232	113.92269
1274	22.5931062	113.9021913
1275	22.58662304	113.894923
1276	22.58704292	113.9070484
1277	22.57870726	113.8713344
1278	22.70743279	113.9300131
1279	22.58750507	113.9071832
1280	22.58702486	113.8798536
1281	22.5765008	113.8737567
1282	22.57539261	113.8912634
1283	22.57459415	113.8718554
1284	22.57609517	113.8906835
1285	22.5775761	113.8823847
1286	22.57722035	113.8746355
1287	22.5775761	113.8823847
1288	22.58138757	113.8648453
1289	22.5865403	113.8939175
1290	22.5650574	113.9148933
1291	22.55737888	113.9022956
1292	22.58680135	113.8936142
1293	22.83560706	113.981193
1294	22.58696366	113.8682111
1295	22.58138401	113.8873563
1296	22.58799559	113.8819219
1297	22.70743279	113.9300131
1298	22.57713838	113.8815121
1299	22.57422767	113.8796345
1300	22.57414978	113.8793988
1301	22.57254222	113.8756012
1302	22.56988703	113.9002529
1303	22.55494197	113.8925648
1304	22.58196682	113.8926201
1305	22.5819847	113.8802641
1306	22.59056162	113.8711638
1307	22.56370666	113.9040123
1308	22.56331309	113.9042475
1309	22.58990279	113.8898939
1310	22.56634249	113.8997181
1311	22.56623392	113.9004497
1312	22.58699587	113.8709936
1313	22.58699587	113.8709936
1314	22.5896745	113.9037767
1315	22.59101334	113.9031454
1316	22.57325564	113.9087706
1317	22.56947268	113.8957334
1318	22.59542882	113.9002998
1319	22.59188831	113.8995566
1320	22.57149045	113.9052479
1321	22.57321737	113.9060088
1322	22.56648854	113.8811251
1323	22.57149045	113.9052479
1324	22.57733564	113.9020945
1325	22.70743279	113.9300131
1326	22.58112485	113.8957339
1327	22.58839284	113.8676965
1328	22.5829664	113.8942729
1329	22.57467328	113.8863806
1330	22.59097019	113.8858211
1331	22.58246985	113.8750986
1332	22.53470014	113.934485
1333	22.56437541	113.9074273
1334	22.56385438	113.908109
1335	22.58464742	113.8803318
1336	23.13146449	113.3995361
1337	23.12689122	113.4261471
1338	23.13146449	113.3995361
1339	23.12689122	113.4261471
1340	23.12719274	113.3212495
1341	23.13146449	113.3995361
1342	23.12689122	113.4261471
1343	23.13197292	113.3903746
1344	23.12665585	113.4158818
1345	23.12713794	113.410755
1346	23.16612927	113.3856429
1347	23.16612927	113.3856429
1348	23.16612927	113.3856429
1349	23.13074417	113.3978813
1350	23.13015565	113.4051322
1351	23.17348211	113.3608287
1352	23.12821529	113.4098525
1353	23.12630806	113.3197948
1354	23.12534511	113.4225283
1355	23.16439466	113.3047181
1356	23.14258247	113.3667378
1357	23.17666822	113.3620684
1358	23.17968896	113.3566751
1359	23.17387583	113.3594224
1360	23.17768665	113.3552943
1361	23.18051066	113.3578814
1362	23.16294539	113.3351079
1363	23.12027974	113.3625727
1364	23.15764978	113.3600448
1365	23.12616303	113.3779438
1366	23.15843	113.3582196
1367	23.15770545	113.3596657
1368	23.12027974	113.3625727
1369	23.18105596	113.3487012
1370	23.11850261	113.3648677
1371	23.11561808	113.3698543
1372	23.12188309	113.3631217
1373	23.17686221	113.3466704
1374	23.1232621	113.3705259
1375	23.16612927	113.3856429
1376	23.1599832	113.327562
1377	23.11704781	113.4236968
1378	23.15825359	113.3231669
1379	23.11967086	113.4234938
1380	23.13450356	113.3844024
1381	23.2065107	113.3774832
1382	23.17719024	113.3495078
1383	23.16611314	113.3381535
1384	23.17371213	113.3292307
1385	23.16611314	113.3381535
1386	23.16827689	113.3335065
1387	23.20192511	113.3714968
1388	23.16764912	113.3373636
1389	23.17719024	113.3495078
1390	23.12514889	113.4121114
1391	23.12648068	113.3346089
1392	23.12768631	113.3370741
1393	23.12239358	113.3364248
1394	23.16363731	113.4181906
1395	23.13548353	113.3508617
1396	23.18035058	113.3501187
1397	23.14542487	113.3508006
1398	23.13137513	113.4182555
1399	23.15758988	113.3603352
1400	23.17869957	113.3504804
1401	23.14846156	113.3521911
1402	23.1269365	113.4158015
1403	23.18559906	113.4272845
1404	23.12325301	113.409326
1405	23.21229199	113.3351799
1406	23.12677667	113.4156116
1407	23.13654075	113.3327505
1408	23.19040909	113.3668925
1409	23.13983198	113.3459426
1410	23.13680577	113.3315495
1411	23.13551006	113.3410369
1412	23.13727514	113.3372919
1413	23.13817712	113.3374182
1414	23.13708955	113.328776
1415	23.14101573	113.3400366
1416	23.1488008	113.3367353
1417	23.14607776	113.3514674
1418	23.13678979	113.3277248
1419	23.14748142	113.328281
1420	23.14646718	113.3454528
1421	23.14075167	113.3276629
1422	23.13380552	113.3510779
1423	23.14154175	113.3352617
1424	23.13561289	113.3283764
1425	23.13432054	113.3282204
1426	23.14131079	113.3271778
1427	23.13473456	113.3844024
1428	23.1348755	113.3510779
1429	23.11210082	113.4205127
1430	23.1332381	113.3860504
1431	23.12414195	113.4184381
1432	23.12851006	113.385554
1433	23.13751101	113.3887286
1434	23.17528334	113.3591743
1435	23.133459	113.3927599
1436	23.13541222	113.3868445
1437	23.1329009	113.386755
1438	23.13746237	113.3939663
1439	23.13254469	113.3923305
1440	23.13195489	113.3960025
1441	23.13332204	113.3929637
1442	23.13640029	113.3909426
1443	23.16612927	113.3856429
1444	23.13634096	113.3902345
1445	23.139168	113.3899453
1446	23.13856931	113.3879211
1447	23.13827848	113.3442595
1448	23.12659899	113.3184307
1449	23.13513458	113.3458752
1450	23.13660804	113.3445094
1451	23.11401571	113.4172338
1452	23.13817005	113.3495292
1453	23.1412689	113.3755147
1454	23.14141421	113.3763716
1455	23.16612927	113.3856429
1456	23.13480046	113.3496489
1457	23.18220065	113.3507131
1458	23.16612927	113.3856429
1459	23.16899087	113.3272302
1460	23.13053672	113.4266885
1461	23.17201533	113.3262802
1462	23.13053672	113.4266885
1463	23.12994731	113.3865783
1464	23.19729133	113.3735603
1465	23.12569654	113.4261346
1466	23.12991815	113.4225633
1467	23.16612927	113.3856429
1468	23.14688193	113.3370643
1469	23.18873396	113.3426464
1470	23.20342299	113.3729321
1471	23.13321387	113.3865685
1472	23.13266355	113.4163284
1473	23.1388268	113.3854092
1474	23.1596788	113.4061139
1475	23.11999581	113.4044682
1476	23.12774154	113.3499004
1477	23.12849295	113.3506186
1478	23.16612927	113.3856429
1479	23.15143167	113.3434853
1480	23.14142015	113.3436299
1481	23.14959161	113.3497039
1482	23.14468275	113.3470554
1483	23.20600271	113.3716077
1484	23.14963703	113.3467649
1485	23.14909746	113.3476144
1486	23.14709751	113.3441724
1487	23.20756556	113.3749618
1488	23.20317307	113.3738024
1489	23.15255891	113.3322385
1490	23.17843172	113.4044495
1491	23.15263157	113.3319798
1492	23.2043271	113.3733393
1493	23.12647416	113.4134182
1494	23.15617501	113.329269
1495	23.15133928	113.3277149
1496	23.13266369	113.4157032
1497	23.15180501	113.335155
1498	23.14751402	113.3299499
1499	23.13004651	113.3803827
1500	23.13317257	113.4156825
1501	23.12543383	113.3643246
1502	23.20200824	113.3923275
1503	23.12703338	113.3643038
1504	23.20168853	113.3996451
1505	23.16612927	113.3856429
1506	23.10421223	113.3799693
1507	23.13217801	113.378304
1508	23.13127899	113.3777383
1509	23.1565755	113.3742504
1510	23.13679863	113.4352589
1511	23.13167873	113.4103259
1512	23.12964661	113.3227738
1513	23.18805487	113.3426541
1514	23.12599406	113.4092884
1515	23.13018356	113.3650205
1516	23.13244884	113.3476187
1517	23.1300382	113.3563747
1518	23.14567525	113.353414
1519	23.14567525	113.353414
1520	23.13266355	113.4163284
1521	23.16612927	113.3856429
1522	23.12941507	113.421894
1523	23.13092571	113.4169821
1524	23.12788294	113.4224692
1525	23.1315795	113.4206369
1526	23.13044548	113.3569604
1527	23.16612927	113.3856429
1528	23.16612927	113.3856429
1529	23.12396672	113.3252447
1530	23.14507604	113.336102
1531	23.12450363	113.3271153
1532	23.13208063	113.3275386
1533	23.13197869	113.3264132
1534	23.14143644	113.364532
1535	23.12357872	113.325066
1536	23.12167394	113.3242589
1537	23.11304078	113.4245808
1538	23.14773422	113.3682532
1539	23.20558864	113.3926252
1540	23.12057422	113.3426641
1541	23.12591412	113.3234838
1542	23.16612927	113.3856429
1543	23.16612927	113.3856429
1544	23.12676802	113.3245208
1545	23.14013522	113.3797979
1546	23.16612927	113.3856429
1547	23.12195703	113.3462146
1548	23.14206099	113.379267
1549	23.13535117	113.3218998
1550	23.13039963	113.3455895
1551	23.17892257	113.3400783
1552	23.12034718	113.3432897
1553	23.16554821	113.28465
1554	23.19964558	113.3760509
1555	23.12530182	113.4031386
1556	23.17912801	113.419112
1557	23.18429338	113.327348
1558	23.17937189	113.3279819
1559	23.1968891	113.3339044
1560	23.16612927	113.3856429
1561	23.12832875	113.3666761
1562	23.13724964	113.3749859
1563	23.15532417	113.3310176
1564	23.16612927	113.3856429
1565	23.15532417	113.3310176
1566	23.12466861	113.4096942
1567	23.12383473	113.4086456
1568	23.13355601	113.4404129
1569	23.12767689	113.4079193
1570	23.16612927	113.3856429
1571	23.12788596	113.4050732
1572	23.1212872	113.4070672
1573	23.14637364	113.4417923
1574	23.12847237	113.4094135
1575	23.16878915	113.4199598
1576	23.1344562	113.3652092
1577	23.13438526	113.3869839
1578	23.12359974	113.429361
1579	23.16612927	113.3856429
1580	23.12382008	113.3997207
1581	23.12919481	113.3876633
1582	23.12282287	113.3975231
1583	23.12250187	113.4027422
1584	23.13002371	113.401493
1585	23.12713377	113.376333
1586	23.12992359	113.4046004
1587	23.13002371	113.401493
1588	23.12628673	113.4066537
1589	23.12857448	113.3990427
1590	23.12559859	113.4022057
1591	23.13897792	113.349357
1592	23.1235878	113.4025907
1593	23.17017578	113.387848
1594	23.19751235	113.3420008
1595	23.16549805	113.3877697
1596	23.16734838	113.3850509
1597	23.12895676	113.4276409
1598	23.08762923	113.3338413
1599	23.07526596	113.3061961
1600	23.07431922	113.3079451
1601	23.08844666	113.3151908
1602	23.07495823	113.3081202
1603	23.10950986	113.3793362
1604	23.05671252	113.3457198
1605	23.07471333	113.3098841
1606	23.10905189	113.3004557
1607	23.10452274	113.2748778
1608	23.1038499	113.2969338
1609	23.09982701	113.3295697
1610	23.10402876	113.296129
1611	23.10206968	113.2946714
1612	23.1038499	113.2969338
1613	23.1018158	113.3326661
1614	23.09651471	113.318158
1615	23.09683953	113.3041285
1616	23.08119079	113.32552
1617	23.10196853	113.326689
1618	23.10171723	113.3302597
1619	23.07960516	113.3043783
1620	23.10130249	113.3146942
1621	23.10161201	113.290321
1622	23.10093176	113.2752827
1623	23.10339376	113.3439109
1624	23.10022669	113.4064004
1625	23.10409692	113.3891577
1626	23.10807065	113.3136075
1627	23.08222922	113.2924188
1628	23.08762923	113.3338413
1629	23.09698354	113.2927236
1630	23.09032863	113.3268297
1631	23.10393906	113.3143144
1632	23.09447782	113.2911732
1633	23.07465443	113.3104149
1634	23.07695406	113.2998266
1635	23.10851879	113.2598354
1636	23.0758961	113.36097
1637	23.09221425	113.2906756
1638	23.1119085	113.268664
1639	23.10795801	113.3142908
1640	23.10792293	113.3140492
1641	23.09083386	113.3481028
1642	23.0737221	113.2845406
1643	23.08762923	113.3338413
1644	23.09238596	113.3492911
1645	23.07239962	113.2879002
1646	23.1084114	113.3373186
1647	23.07914179	113.2886298
1648	23.08677367	113.2972262
1649	23.07684881	113.3075814
1650	23.08258406	113.3040917
1651	23.08672971	113.3008221
1652	23.08733648	113.3290483
1653	23.07546247	113.2981229
1654	23.08733648	113.3290483
1655	23.10995874	113.2783032
1656	23.07607701	113.297356
1657	23.0917107	113.4135581
1658	23.08593834	113.281807
1659	23.06725712	113.3273701
1660	23.07613272	113.3065652
1661	23.07065979	113.3097507
1662	23.07039221	113.3052604
1663	23.07698687	113.3062944
1664	23.07731943	113.3010596
1665	23.09987585	113.3128431
1666	23.09931193	113.3136465
1667	23.08762923	113.3338413
1668	23.08762923	113.3338413
1669	23.09389183	113.3159897
1670	23.09712247	113.3142105
1671	23.09285199	113.3088446
1672	23.09604107	113.318256
1673	23.09689874	113.2719889
1674	23.10093176	113.2752827
1675	23.09632042	113.274793
1676	23.09265095	113.3193769
1677	23.09555317	113.318131
1678	23.09503502	113.3069376
1679	23.10901096	113.3064905
1680	23.09255349	113.3063001
1681	23.08572322	113.3332898
1682	23.08805182	113.2932511
1683	23.08443045	113.3005584
1684	23.09236038	113.310923
1685	23.07714796	113.2900116
1686	23.0716011	113.2948965
1687	23.09647399	113.2651525
1688	23.1065111	113.3208103
1689	23.09506187	113.303046
1690	23.09506187	113.303046
1691	23.11451284	113.2830336
1692	23.08745299	113.2871072
1693	23.08895869	113.2894971
1694	23.08559159	113.2844885
1695	23.08146501	113.281498
1696	23.10605419	113.2994464
1697	23.07499516	113.295539
1698	23.09861352	113.2829233
1699	23.08762923	113.3338413
1700	23.1229609	113.2624036
1701	23.10260563	113.2800968
1702	23.08762923	113.3338413
1703	23.10166714	113.2622021
1704	23.09313946	113.3020469
1705	23.08762923	113.3338413
1706	23.0917107	113.4135581
1707	23.10580377	113.2939866
1708	23.10940856	113.2816397
1709	23.07775339	113.3546727
1710	23.09790354	113.32271
1711	23.07026061	113.3288602
1712	23.07128795	113.288387
1713	23.07130722	113.2895576
1714	23.07281198	113.3229521
1715	23.10786555	113.291932
1716	23.08762923	113.3338413
1717	23.08762923	113.3338413
1718	23.09334428	113.2955808
1719	23.09700901	113.260711
1720	23.08762923	113.3338413
1721	23.08762923	113.3338413
1722	23.0917107	113.4135581
1723	23.10219818	113.2597322
1724	23.09754365	113.3186761
1725	23.08762923	113.3338413
1726	23.09953178	113.3176318
1727	23.08762923	113.3338413
1728	23.12721711	113.2784492
1729	23.09591553	113.3218488
1730	23.09168599	113.3191103
1731	23.09265998	113.3294557
1732	23.07684881	113.3075814
1733	23.09263391	113.3626296
1734	23.075812	113.2986129
1735	23.08612182	113.3324958
1736	23.09163649	113.3185607
1737	23.07052779	113.31686
1738	23.09894301	113.287792
1739	23.09265301	113.276923
1740	23.09193152	113.3341982
1741	23.09489198	113.2801737
1742	23.09238924	113.3613322
1743	23.11562445	113.2891822
1744	23.07668521	113.3096702
1745	23.10989837	113.2997111
1746	23.10857201	113.31583
1747	23.10846133	113.3094728
1748	23.0679458	113.3188794
1749	23.10902612	113.3035352
1750	23.10444656	113.2696277
1751	23.08762923	113.3338413
1752	23.08920967	113.2793408
1753	23.15690124	113.2655056
1754	23.09821801	113.268301
1755	23.09922949	113.3293998
1756	23.26872801	113.307638
1757	23.17035895	113.2293606
1758	23.19710927	113.2630462
1759	23.15526685	113.2519062
1760	23.20811235	113.2437689
1761	23.15181322	113.2323533
1762	23.19857613	113.2619219
1763	23.17849031	113.2650815
1764	23.1777654	113.2725093
1765	23.17099843	113.2765754
1766	23.19082252	113.2724791
1767	23.17907562	113.2725104
1768	23.16790989	113.2462342
1769	23.17625933	113.2780269
1770	23.22504963	113.3086006
1771	23.22121278	113.3060266
1772	23.22111554	113.3093186
1773	23.22210401	113.306686
1774	23.22239001	113.307514
1775	23.22219201	113.307905
1776	23.2207284	113.3089485
1777	23.19625055	113.2756209
1778	23.1968265	113.2742338
1779	23.22866101	113.313335
1780	23.22586384	113.3117601
1781	23.19645089	113.2746129
1782	23.22479721	113.3121255
1783	23.29451408	113.3313063
1784	23.23162617	113.309621
1785	23.29451408	113.3313063
1786	23.22481794	113.3054284
1787	23.22903525	113.31095
1788	23.23129397	113.3115257
1789	23.16398501	113.259348
1790	23.21564135	113.2876109
1791	23.1838535	113.2470508
1792	23.29451408	113.3313063
1793	23.23534819	113.2759616
1794	23.16568785	113.2558222
1795	23.23129397	113.3115257
1796	23.21273332	113.2413421
1797	23.19739349	113.2664449
1798	23.29451408	113.3313063
1799	23.19739349	113.2664449
1800	23.19740076	113.267063
1801	23.19715136	113.2662565
1802	23.19654017	113.2689274
1803	23.17598366	113.2480568
1804	23.1431788	113.2806584
1805	23.17645412	113.2630835
1806	23.19701417	113.3327588
1807	23.19856499	113.3331124
1808	23.17880966	113.2460895
1809	23.19770782	113.2790811
1810	23.19904075	113.2636778
1811	23.20893879	113.2551502
1812	23.21138061	113.2589472
1813	23.24167527	113.2813986
1814	23.1982075	113.2634835
1815	23.19648201	113.270398
1816	23.19112642	113.2561005
1817	23.2287019	113.2925815
1818	23.21225009	113.2757043
1819	23.21221834	113.2778106
1820	23.22843595	113.293573
1821	23.2258322	113.2730093
1822	23.23158622	113.2643764
1823	23.23158622	113.2643764
1824	23.19821157	113.1471934
1825	23.19703426	113.3473491
1826	23.22628842	113.2726572
1827	23.29451408	113.3313063
1828	23.20250399	113.3292359
1829	23.16495618	113.2412468
1830	23.21529796	113.2815603
1831	23.33185604	113.3038053
1832	23.18569596	113.2527107
1833	23.19688753	113.3384228
1834	23.24172154	113.2884332
1835	23.2398074	113.2909599
1836	23.2398074	113.2909599
1837	23.2420317	113.289767
1838	23.20528599	113.3257733
1839	23.24268189	113.2853742
1840	23.24380933	113.2925483
1841	23.20946083	113.3309223
1842	23.2267335	113.3123142
1843	23.24560454	113.2888119
1844	23.15633901	113.255376
1845	23.24499829	113.285723
1846	23.1744427	113.2416475
1847	23.18843764	113.2354044
1848	23.19465098	113.2608738
1849	23.2264976	113.3075051
1850	23.20072258	113.1651197
1851	23.29451408	113.3313063
1852	23.21926509	113.3355758
1853	23.16493367	113.2380315
1854	23.18611357	113.2542752
1855	23.1726583	113.2597049
1856	23.18111474	113.2610883
1857	23.18193083	113.2626624
1858	23.18071468	113.2624333
1859	23.18012566	113.2623721
1860	23.1793761	113.261655
1861	23.19465315	113.2639331
1862	23.17922035	113.2614401
1863	23.20081357	113.2619504
1864	23.29451408	113.3313063
1865	23.17901813	113.2594178
1866	23.16818649	113.2715772
1867	23.19241952	113.2395334
1868	23.16688491	113.2732741
1869	23.15945918	113.2266535
1870	23.15877019	113.2276922
1871	23.16717621	113.2715067
1872	23.22477976	113.3107911
1873	23.21757854	113.2579899
1874	23.2168788	113.2378364
1875	23.18204867	113.2607891
1876	23.20189345	113.3296657
1877	23.16873137	113.2715233
1878	23.16616134	113.2715405
1879	23.17465404	113.2432633
1880	23.2098914	113.2377288
1881	23.29451408	113.3313063
1882	23.29451408	113.3313063
1883	23.19898134	113.2488865
1884	23.24234814	113.2261859
1885	23.22632408	113.236442
1886	23.17459444	113.246055
1887	23.19048827	113.2636533
1888	23.17983493	113.2576488
1889	23.18587456	113.2571944
1890	23.18086336	113.2565436
1891	23.21324038	113.3333756
1892	23.21174194	113.3315996
1893	23.14236589	113.2254852
1894	23.18846528	113.2594175
1895	23.29451408	113.3313063
1896	23.21157833	113.3318833
1897	23.21650022	113.2368489
1898	23.18456675	113.2522467
1899	23.2235812	113.254971
1900	23.16673643	113.2579176
1901	23.2235812	113.254971
1902	23.20000441	113.3314981
1903	23.2177773	113.2881101
1904	23.19890609	113.2732558
1905	23.20075512	113.27751
1906	23.20003601	113.2742156
1907	23.23709476	113.2837807
1908	23.23536283	113.2856239
1909	23.20022701	113.27195
1910	23.22155066	113.2359355
1911	23.23681619	113.2882604
1912	23.22793129	113.3115563
1913	23.1930726	113.2609633
1914	23.23715046	113.2912609
1915	23.22728751	113.3116174
1916	23.18454838	113.2523117
1917	23.18942726	113.3290308
1918	23.1930726	113.2609633
1919	23.21091918	113.2644936
1920	23.21091918	113.2644936
1921	23.21120299	113.2642363
1922	23.18970926	113.3262023
1923	23.2142451	113.2651987
1924	23.19266043	113.2719688
1925	23.29451408	113.3313063
1926	23.29451408	113.3313063
1927	23.17608227	113.2627872
1928	23.17444421	113.2649172
1929	23.15176041	113.233343
1930	23.424401	113.3183627
1931	23.1634267	113.2682868
1932	23.16811252	113.2762021
1933	23.18713812	113.3367782
1934	23.19009436	113.3431422
1935	23.17725985	113.2642174
1936	23.21273107	113.2477632
1937	23.17633701	113.277165
1938	23.18649004	113.3361458
1939	23.20909233	113.2483839
1940	23.18700194	113.3342532
1941	23.18447888	113.3385962
1942	23.22282685	113.2959984
1943	23.22233557	113.2976418
1944	23.21320536	113.287871
1945	23.22324771	113.2958978
1946	23.22324771	113.2958978
1947	23.21485182	113.2815247
1948	23.2137802	113.2843417
1949	23.2114839	113.2851633
1950	23.23820871	113.298803
1951	23.21698401	113.288298
1952	23.2109831	113.275621
1953	23.21875905	113.2886887
1954	23.21200718	113.2793396
1955	23.23812868	113.3024835
1956	23.21436627	113.2703356
1957	23.15996229	113.270095
1958	23.19262682	113.266279
1959	23.16712061	113.2699359
1960	23.23998153	113.3104757
1961	23.20357155	113.2303741
1962	23.20387275	113.2657423
1963	23.21233563	113.2572402
1964	23.20530823	113.2645219
1965	23.20503763	113.2651111
1966	23.21063304	113.2650988
1967	23.20034908	113.2690269
1968	23.21064205	113.2851849
1969	23.23270002	113.27977
1970	23.21098793	113.279291
1971	23.23029701	113.279492
1972	23.21764716	113.2895198
1973	23.20913873	113.2636757
1974	23.22818832	113.2926425
1975	23.22645368	113.2981238
1976	23.23437826	113.2817943
1977	23.23024749	113.2814387
1978	23.23270002	113.27977
1979	23.29451408	113.3313063
1980	23.23437826	113.2817943
1981	23.19624889	113.2688376
1982	23.23933466	113.2840285
1983	23.19641193	113.2736361
1984	23.22375942	113.2564425
1985	23.22634584	113.2545866
1986	23.19874545	113.2784678
1987	23.22398715	113.2305829
1988	23.22392548	113.2709844
1989	23.22114401	113.231859
1990	23.22259501	113.237466
1991	23.29451408	113.3313063
1992	23.22997915	113.3107756
1993	23.29451408	113.3313063
1994	23.22284057	113.2749262
1995	23.29451408	113.3313063
1996	23.22294691	113.2714389
1997	23.22171187	113.272405
1998	23.22140682	113.2744787
1999	23.17955473	113.2439755
2000	23.22589883	113.2729862
2001	23.1436678	113.2267657
2002	23.18171481	113.256343
2003	23.2265306	113.2749326
2004	23.17671192	113.2651996
2005	23.22332543	113.2744367
2006	23.18848396	113.2576639
2007	23.19052335	113.3315148
2008	23.20617703	113.278833
2009	23.29451408	113.3313063
2010	23.10252229	113.3221335
2011	23.18450212	113.3266313
2012	23.29451408	113.3313063
2013	23.15511852	113.2553496
2014	23.23578392	113.3110108
2015	23.16524421	113.2734749
2016	23.23519563	113.3115031
2017	23.22240105	113.2909963
2018	23.15381021	113.2550439
2019	23.18912219	113.263294
2020	23.18559135	113.2585354
2021	23.29451408	113.3313063
2022	23.17268536	113.2829081
2023	23.1848115	113.2605885
2024	23.23582425	113.3115529
2025	23.19977345	113.3341445
2026	23.16045484	113.2412345
2027	23.19512495	113.27609
2028	23.16003203	113.2401767
2029	23.16107389	113.2397168
2030	23.18815454	113.3264348
2031	23.16196003	113.2401761
2032	23.1861588	113.2485285
2033	23.20247992	113.2579831
2034	23.16948474	113.2852225
2035	23.20450885	113.2614836
2036	23.29451408	113.3313063
2037	23.21692369	113.2479832
2038	23.18588037	113.2545449
2039	23.21565299	113.3005692
2040	23.22438517	113.3074401
2041	23.22574216	113.3098176
2042	23.21830901	113.249483
2043	23.22053664	113.3046955
2044	23.29451408	113.3313063
2045	23.18969941	113.2376969
2046	23.21473408	113.2926992
2047	23.21146147	113.2913664
2048	23.21473408	113.2926992
2049	23.19606578	113.3383427
2050	23.21224798	113.2895845
2051	23.21154901	113.293868
2052	23.2445115	113.3048442
2053	23.17639872	113.2804575
2054	23.29451408	113.3313063
2055	23.19802987	113.2769843
2056	23.21923636	113.2869913
2057	23.23203276	113.3093386
2058	23.21171152	113.2847644
2059	23.20586901	113.3355051
2060	23.19628164	113.3347933
2061	23.19147731	113.3320696
2062	23.20791148	113.3384069
2063	23.20591889	113.3355849
2064	23.19141113	113.2669427
2065	23.22158101	113.273016
2066	23.15929622	113.3689538
		

