% Member ID	Location(GPS latitude and longitude) 	Bid quota	Starting bid time	Credit value
0001	22.947097 113.679983	114	6.30	67997.3868
0002	22.577792 113.966524	163	6.30	37926.5416
0003	23.192458 113.347272	139	6.30	27953.0363
0004	23.255965 113.31875	98	6.30	25085.6986
0005	33.65205 116.97047	66	6.30	20919.0667
0006	22.262784 112.79768	72	6.30	18237.6295
0007	29.560903 106.239083	15	6.30	15729.3601
0008	23.143373 113.376315	95	6.42	14868.4446
0009	23.28528 113.651842	110	6.36	13556.1555
0010	23.099259 113.488909	64	6.36	13327.9511
0011	23.192462 113.34726	89	6.42	11349.0899
0012	22.548889 113.955368	102	6.33	10957.5811
0013	23.178845 113.358177	90	6.45	10427.7392
0014	23.054911 113.768888	232	6.30	10210.6765
0015	23.053426 113.761634	217	6.33	10187.7506
0016	23.054769 113.652720	171	6.30	9495.8126
0017	22.92814 114.081898	52	6.39	9065.9062
0018	23.146943 113.305001	85	6.48	8549.9583
0019	23.025829 113.317362	73	6.33	7054.4886
0020	23.012667 113.839206	94	6.30	6824.2516
0021	22.574867 113.920188	77	6.36	6510.0602
0022	27.124487 111.017906	1	6.30	6494.3768
0023	23.262722 113.29603	73	6.39	6105.2056
0024	23.216283 113.29179	60	6.54	5207.8348
0025	22.724052 113.922057	38	6.30	4268.3089
0026	23.025831 113.31738	57	6.36	4236.5421
0027	23.141684 113.262137	62	6.51	4182.3338
0028	23.173014 113.320705	58	7.00	3836.0711
0029	23.187008 113.257642	56	6.57	3562.2053
0030	23.10714 113.301889	43	7.06	3039.9026
0031	22.667339 114.007186	25	6.39	2923.8802
0032	23.129688 113.409023	34	7.00	2755.8648
0033	22.993463 114.728544	29	6.30	2635.5945
0034	22.799744 113.782606	19	6.33	2274.9848
0035	23.125731 113.402306	29	7.09	2148.7238
0036	23.089162 112.882467	51	6.33	2127.005
0037	23.13759 113.381757	33	7.09	1980.8566
0038	22.935859 113.683234	67	6.33	1937.4291
0039	21.679227 110.922443	88	6.30	1691.0543
0040	23.099656 113.487402	23	6.48	1650.2348
0041	23.039077 113.133736	55	6.30	1523.3223
0042	22.640977 114.061072	24	6.36	1507.8397
0043	22.698914 113.818848	26	6.30	1498.9031
0044	22.699085 113.79328	17	6.36	1493.9265
0045	22.630761 114.088349	26	6.36	1474.9462
0046	22.736419 114.275272	64	6.30	1430.8899
0047	23.166269 113.21411	40	6.51	1366.1619
0048	20.335061 110.178827	30	6.30	1365.3053
0049	23.026671 113.314161	31	6.45	1256.9036
0050	22.605016 114.134612	24	6.36	1179.1445
0051	22.55258 114.131064	22	6.39	1125.7637
0052	22.551065 113.906415	33	6.42	1078.8887
0053	23.258526 113.320772	33	6.51	1054.1406
0054	23.201831 113.329844	28	7.21	1047.2994
0055	22.55234 114.004208	20	6.51	956.449
0056	23.127808 113.268909	28	7.09	876.885
0057	22.963677 113.668272	32	6.45	860.6575
0058	22.546424 114.091551	20	6.45	819.5817
0059	23.027282 113.321826	25	6.51	812.4732
0060	22.649465 114.046196	16	6.51	802.9929
0061	23.013316 113.764039	56	6.42	801.945
0062	22.786188 113.89986	18	6.39	768.431
0063	22.631265 114.088053	19	6.54	759.2893
0064	22.59321 113.997232	17	7.06	758.6399
0065	22.646966 114.054897	15	7.03	741.186
0066	22.537631 113.921206	28	6.51	716.1536
0067	22.945963 113.378949	17	6.45	692.4968
0068	22.572454 113.900611	27	6.51	680.1682
0069	23.138201 113.305131	1	6.36	661.4701
0070	23.125711 113.266843	1	6.39	638.8183
0071	22.921069 114.011611	5	7.00	636.5533
0072	23.085993 113.286892	20	7.18	631.8731
0073	23.201472 113.328149	21	7.27	607.9601
0074	23.107633 113.934697	48	6.30	585.3526
0075	23.05819 113.382202	17	7.18	578.4185
0076	22.631295 114.088048	16	7.03	577.3317
0077	23.04938 113.170711	27	6.42	557.8477
0078	22.832066 113.717908	10	6.36	544.8401
0079	22.746146 113.845129	13	6.48	544.5673
0080	22.695229 114.235036	34	6.33	537.6568
0081	23.023983 113.113357	41	6.36	533.4239
0082	21.202247 110.417157	29	6.39	527.6239
0083	23.025897 113.317272	20	7.03	526.7561
0084	22.559031 114.133815	15	6.57	512.8802
0085	23.134029 113.380696	1	6.45	498.2218
0086	22.979376 113.359597	15	6.57	479.3786
0087	22.617332 114.046699	12	7.18	466.0196
0088	23.110206 113.840149	36	6.45	464.8392
0089	23.467117 113.36579	19	6.33	463.2336
0090	22.661854 114.027580	12	7.00	462.5524
0091	22.805765 113.580688	58	6.30	456.8141
0092	22.573973 114.118394	14	7.06	443.4528
0093	23.048773 113.320775	16	7.27	438.3089
0094	22.654465 114.042558	12	7.12	432.0017
0095	23.08834 113.811783	42	6.48	430.3396
0096	23.042076 113.088167	36	6.39	425.5539
0097	22.715649 114.266454	34	6.36	419.474
0098	23.102272 113.314206	15	7.51	409.9957
0099	22.957762 113.885591	40	6.30	404.3689
0100	22.735681 114.276218	34	6.39	401.2549
0101	22.566656 114.048785	11	7.27	389.3617
0102	22.605696 114.052535	11	7.30	388.9843
0103	22.528087 114.053445	12	7.06	385.9114
0104	22.557073 114.093619	1	6.30	371.5909
0105	22.663709 114.02819	10	7.15	358.6164
0106	22.600908 114.124103	13	7.24	355.7476
0107	22.702596 113.841585	10	6.51	339.6894
0108	23.133346 113.288213	1	6.54	325.9203
0109	23.371734 113.249841	33	6.33	322.1326
0110	23.060244 113.228424	15	7.18	318.7701
0111	23.025509 113.136987	29	6.45	318.7701
0112	23.131169 113.297453	16	7.39	317.5724
0113	22.55917 113.964202	16	7.21	317.3112
0114	22.571019 114.063028	10	7.42	316.9499
0115	23.019708 113.088886	1	6.30	313.7988
0116	22.602495 114.120857	12	7.30	310.1361
0117	23.291608 113.311949	17	6.54	308.6912
0118	22.526055 113.932399	18	7.00	308.3529
0119	22.957819 113.885455	32	6.33	289.7356
0120	23.136869 113.252176	17	7.33	287.4723
0121	22.5606 113.914169	17	7.03	286.1964
0122	23.02382 113.12482	22	7.06	284.9008
0123	23.170052 112.896012	14	6.36	271.4754
0124	23.192579 113.347404	14	7.42	263.7415
0125	22.609184 114.036224	1	6.33	255.3604
0126	23.096916 113.284093	11	7.57	246.9617
0127	22.583380 114.132395	1	6.36	243.7428
0128	22.737832 113.824021	8	6.54	243.0345
0129	22.669148 113.923368	11	7.00	240.7228
0130	22.697751 114.227313	22	6.45	239.112
0131	22.634345 114.079336	10	7.39	239.0776
0132	23.017262 113.334856	15	7.18	239.0776
0133	23.035953 113.163214	19	6.54	236.2993
0134	22.615165 114.168801	12	7.09	234.2849
0135	22.999192 114.343194	42	6.30	233.9414
0136	24.80413 113.605786	23	6.36	229.1596
0137	23.107527 113.14625	22	6.51	225.3733
0138	22.670303 114.139487	11	7.24	225.2535
0139	22.667193 114.020917	7	7.30	223.4477
0140	23.626787 113.43641	13	6.30	219.9701
0141	22.653315 114.029516	8	7.36	219.7008
0142	22.62607 114.073376	10	7.57	218.2444
0143	22.644142 113.867745	11	7.15	213.7231
0144	23.055061 113.744384	25	7.03	213.5504
0145	22.633177 114.230291	19	6.54	212.6327
0146	22.980661 114.002005	14	6.33	200.0799
0147	23.174499 113.263282	13	7.42	199.2313
0148	22.93804 113.665746	20	6.42	199.2313
0149	22.845506 113.269551	63	6.30	199.2313
0150	22.563546 114.138399	9	7.39	197.6011
0151	22.6656 114.20803	18	7.06	196.782
0152	23.133276 113.249702	14	7.48	195.401
0153	23.11803 113.362287	10	8.00	192.2122
0154	22.919953 113.213961	1	6.30	191.2621
0155	22.705938 114.091435	9	7.21	190.1459
0156	22.654493 114.042605	8	7.57	188.7821
0157	22.995646 114.006372	13	6.39	183.7939
0158	23.022885 113.826933	26	6.57	183.2365
0159	22.624889 114.152166	1	6.36	181.9852
0160	23.224528 113.317468	11	7.45	181.2249
0161	22.741636 114.266652	1	6.30	180.201
0162	23.054148 113.294756	10	7.51	179.3082
0163	22.674691 113.796497	1	6.30	179.3082
0164	22.966344 113.092801	13	7.21	179.3082
0165	23.156692 113.328526	13	8.00	174.7604
0166	23.190577 113.251884	12	7.45	171.1987
0167	23.010914 113.733551	23	7.03	171.1253
0168	23.072207 113.112958	23	6.51	169.0116
0169	23.101558 113.314506	10	8.00	168.3819
0170	23.012481 113.083899	23	6.54	168.3546
0171	22.611218 114.159207	9	7.36	159.3851
0172	23.1306 113.241295	14	7.57	159.3851
0173	22.619846 114.107034	9	8.00	157.4156
0174	22.55123 114.093465	8	7.48	152.1497
0175	22.506225 113.945301	1	6.30	151.7244
0176	22.657811 114.029555	7	7.51	151.7204
0177	23.016933 113.149007	21	7.00	151.5345
0178	22.630003 114.154938	10	7.45	151.4158
0179	22.800524 113.828908	7	6.51	151.4158
0180	23.120203 113.136969	17	7.00	149.86
0181	23.293868 113.372001	12	6.51	149.0707
0182	23.034994 113.749133	22	7.12	148.8489
0183	23.045704 113.49505	7	6.51	148.5654
0184	23.106751 113.312493	9	8.00	147.3951
0185	23.039656 113.718566	12	6.45	145.8889
0186	23.0391 113.13376	20	7.06	145.195
0187	23.226408 113.272284	10	7.48	142.0646
0188	22.665157 114.030232	6	7.51	140.7584
0189	22.621808 114.031797	7	8.00	139.4619
0190	22.628276 114.159413	9	7.48	139.4619
0191	23.103618 113.375591	8	8.00	139.4619
0192	23.019975 113.339842	11	7.36	138.8561
0193	22.919974 113.213898	1	6.33	135.7602
0194	22.619739 114.107025	8	8.00	134.8147
0195	22.965764 114.035832	12	6.36	134.5708
0196	22.676151 114.014881	1	6.33	132.103
0197	22.960617 113.701495	15	7.06	130.7752
0198	23.106792 113.312499	9	8.00	127.508
0199	22.520804 113.942816	12	7.06	126.9857
0200	22.980092 113.017895	24	6.42	123.5234
0201	23.558419 113.614671	30	6.30	120.3874
0202	22.638154 114.202461	13	7.33	119.5388
0203	22.723878 113.903337	7	7.00	119.5388
0204	22.551842 114.131407	7	8.00	119.5388
0205	23.097481 113.269269	8	8.00	119.5388
0206	22.694950 114.231992	1	6.36	119.5388
0207	23.127013 113.399742	7	8.00	119.5388
0208	22.982071 114.032407	11	6.42	119.5388
0209	22.97076 113.99635	9	6.42	119.5388
0210	22.928824 112.939739	30	6.33	119.5388
0211	23.227075 113.293212	9	7.57	115.9629
0212	23.146568 113.346826	1	7.06	115.7718
0213	23.212972 113.391595	8	7.42	115.646
0214	23.143901 113.299725	10	8.00	115.5542
0215	23.060158 113.777571	25	7.06	115.5408
0216	23.03343 113.14227	18	7.15	114.8859
0217	23.019462 113.077555	16	7.27	114.4205
0218	22.563803 114.040747	6	8.00	112.9106
0219	23.444281 113.196688	24	6.33	112.1376
0220	23.467101 113.365807	9	6.36	111.5695
0221	22.589193 113.973194	9	8.00	110.69
0222	23.065583 113.585017	7	6.48	108.7365
0223	23.100414 113.295104	8	8.00	106.4804
0224	23.075797 113.288044	8	8.00	105.5926
0225	23.340387 113.303661	12	6.45	105.5176
0226	23.073486 113.170439	11	7.39	105.3559
0227	23.018177 113.341384	9	7.51	104.1227
0228	22.576181 114.113145	7	8.00	103.6003
0229	23.037115 113.117726	17	7.18	103.0065
0230	22.657617 114.207759	13	7.30	102.08
0231	22.615435 114.123207	7	8.00	102.0617
0232	23.484326 113.205374	23	6.33	101.608
0233	22.773827 114.329945	18	6.42	99.6157
0234	23.309835 113.36433	11	7.00	99.6157
0235	22.588494 113.949223	9	8.00	99.6157
0236	22.73834 113.814489	5	7.06	99.6157
0237	23.042795 113.30588	8	8.00	99.6157
0238	22.617982 114.118918	7	8.00	99.6157
0239	22.729964 114.297779	15	6.57	99.6157
0240	23.207391 113.335702	9	8.00	99.6157
0241	23.051221 113.787943	19	7.15	99.6157
0242	22.832479 113.061531	3	6.42	99.6157
0243	22.796875 113.771143	4	7.00	97.0036
0244	22.801349 113.714482	1	6.30	94.9628
0245	22.763973 113.813969	5	7.09	94.8781
0246	23.114455 113.31211	8	8.00	93.5386
0247	23.205772 113.270594	1	7.09	93.2156
0248	23.007204 113.12903	16	7.15	93.1884
0249	23.396767 113.255106	18	6.45	92.9875
0250	22.683833 114.002003	5	7.54	92.8451
0251	22.537617 114.120387	7	8.00	92.144
0252	23.014185 113.648114	14	7.00	91.5635
0253	22.720184 114.275458	16	7.03	88.7475
0254	23.132941 113.338573	9	8.00	88.1576
0255	23.112296 113.127154	14	7.21	87.1681
0256	23.041392 113.757660	1	6.30	86.2996
0257	23.0946 113.284436	7	8.00	85.6695
0258	22.676474 113.821783	1	6.33	84.414
0259	22.964203 113.088383	15	7.12	84.0491
0260	22.540942 114.073682	7	8.00	83.6772
0261	23.064767 113.05448	13	7.36	83.6772
0262	22.684504 113.951115	6	7.33	82.9086
0263	22.563444 114.127943	6	8.00	82.3088
0264	23.160089 113.240921	10	8.00	79.6925
0265	23.068369 113.261283	7	8.00	79.6925
0266	23.212104 113.291573	7	8.00	79.6925
0267	23.194579 113.273734	8	8.00	79.6925
0268	22.591387 114.124439	1	6.42	79.6925
0269	23.097546 113.335980	1	7.12	79.6925
0270	23.093079 113.278148	1	7.09	79.6925
0271	23.442511 113.327665	9	6.45	79.6925
0272	22.536425 113.948822	9	7.27	79.6925
0273	22.757872 113.913137	5	7.15	79.6925
0274	22.572146 113.904177	9	7.18	79.6925
0275	23.207769 113.379643	7	7.57	79.6925
0276	23.133812 113.270935	1	7.12	79.6925
0277	23.110957 113.460126	5	7.15	79.6925
0278	22.631729 114.119678	6	8.00	79.6925
0279	22.572337 114.121094	1	6.42	79.6925
0280	23.148396 113.293411	8	8.00	79.6925
0281	23.137481 113.283015	8	8.00	79.6925
0282	23.381258 113.220174	16	6.45	79.6925
0283	22.693376 113.941047	6	7.24	79.6925
0284	23.141344 113.343578	8	8.00	79.6925
0285	22.651485 114.110239	6	8.00	79.6925
0286	23.150785 113.332625	9	8.00	79.6925
0287	23.247414 113.316081	9	7.42	79.6925
0288	22.550214 114.092453	6	8.00	79.6925
0289	23.144206 113.240874	10	8.00	79.6925
0290	22.910687 113.999879	8	6.48	79.6925
0291	22.878442 113.821749	6	6.48	79.6925
0292	22.80034 113.828038	5	7.06	79.6925
0293	22.947805 113.274358	8	7.03	79.6925
0294	22.821221 113.052974	5	6.33	79.6925
0295	23.037111 113.134501	11	8.00	79.6925
0296	22.887126 113.401686	14	6.36	75.3616
0297	22.960802 113.335749	5	7.24	73.2507
0298	23.063445 113.774572	20	7.09	71.7233
0299	22.939187 113.746074	17	7.03	70.9796
0300	22.665838 114.068923	5	8.00	64.7502
0301	22.568389 113.90155	8	7.21	64.292
0302	22.592527 113.846444	13	7.03	61.7617
0303	23.40515 113.228722	13	6.54	60.12
0304	23.26376 113.258772	7	7.42	59.7694
0305	23.137429 113.282856	7	8.00	59.7694
0306	23.136755 113.393612	1	7.09	59.7694
0307	23.13592 113.315173	7	8.00	59.7694
0308	23.137578 113.282935	7	8.00	59.7694
0309	23.254296 113.315659	8	7.57	59.7694
0310	23.120306 113.268304	6	8.00	59.7694
0311	23.126948 113.27424	7	8.00	59.7694
0312	23.151009 113.551515	1	6.30	59.7694
0313	23.077633 113.289146	6	8.00	59.7694
0314	22.692574 114.224224	11	7.21	59.7694
0315	22.936494 113.359285	6	7.15	59.7694
0316	23.124292 113.357872	6	8.00	59.7694
0317	22.944615 113.403347	5	7.12	59.7694
0318	22.676503 114.019311	3	8.00	59.7694
0319	23.164734 113.229295	8	8.00	59.7694
0320	23.104198 113.363252	6	8.00	59.7694
0321	22.735438 114.284747	13	7.03	59.7694
0322	22.540448 114.066268	1	6.48	59.7694
0323	22.686066 113.993061	4	8.00	59.7694
0324	22.633013 114.041198	4	8.00	59.7694
0325	22.721816 114.265177	13	7.06	59.7694
0326	22.549107 114.128361	5	8.00	59.7694
0327	23.10824 113.26614	6	8.00	59.7694
0328	22.612929 114.137262	5	8.00	59.7694
0329	22.543915 114.058444	5	8.00	59.7694
0330	23.126053 113.401054	5	8.00	59.7694
0331	22.523461 114.047879	5	8.00	59.7694
0332	22.688779 113.944955	5	7.42	59.7694
0333	22.735666 113.908071	5	7.27	59.7694
0334	23.124435 113.338799	6	8.00	59.7694
0335	22.588207 113.906852	8	7.39	59.7694
0336	23.054901 113.768854	18	7.15	59.7694
0337	23.173781 112.864304	1	6.30	59.7694
0338	23.118702 113.132484	11	7.27	59.7694
0339	23.040919 113.132589	10	8.00	59.7694
0340	23.004923 113.157507	13	7.27	59.7694
0341	23.072993 113.209000	1	6.51	59.7694
0342	22.99238 113.126195	13	7.24	59.7694
0343	23.287294 113.625475	12	6.30	59.2557
0344	23.181232 113.51278	3	6.48	58.2166
0345	22.620732 114.142503	5	8.00	57.6201
0346	22.654518 114.042548	4	8.00	57.1467
0347	22.979873 113.314866	1	6.30	56.9125
0348	23.134750 113.392481	1	7.15	56.9125
0349	22.985329 113.719121	12	7.30	55.7674
0350	22.615454 114.123113	5	8.00	55.7056
0351	23.065181 113.15496	12	7.45	55.5474
0352	22.624165 114.044003	4	8.00	55.5456
0353	23.107515 113.457024	4	7.33	53.5749
0354	22.573093 113.960327	6	8.00	53.1584
0355	22.5738 113.9662	6	8.00	52.5572
0356	22.605395 114.127734	5	8.00	51.807
0357	22.555394 114.118897	5	8.00	50.3799
0358	22.52894 114.07265	5	8.00	49.6626
0359	23.064412 113.447505	4	7.39	49.648
0360	23.032306 113.156795	12	7.54	49.3891
0361	23.125804 113.4009	4	8.00	48.5795
0362	23.009643 113.143825	12	7.45	47.8155
0363	23.026036 113.31943	6	8.00	46.5355
0364	23.123308 113.409223	4	8.00	46.3032
0365	23.096891 113.304406	5	8.00	46.2113
0366	23.098008 113.236094	6	8.00	46.0497
0367	23.203413 113.229464	6	8.00	45.8232
0368	22.672999 114.227576	10	7.39	45.6855
0369	22.703545 113.944387	4	7.54	45.4946
0370	22.614072 114.148979	5	8.00	45.105
0371	23.11072 113.274436	5	8.00	44.3144
0372	23.087139 113.278892	5	8.00	44.1162
0373	23.179085 113.232562	7	8.00	43.8309
0374	23.141318 113.400417	5	8.00	43.8033
0375	22.716905 114.388943	5	6.39	42.8347
0376	23.091655 113.336944	5	8.00	42.3704
0377	23.318118 113.363802	7	7.03	42.1776
0378	23.377337 113.214543	11	6.51	41.8386
0379	23.126861 113.267994	6	8.00	41.8386
0380	22.524485 113.949348	7	7.51	41.8386
0381	23.196752 113.347108	5	8.00	41.8386
0382	22.831844 113.696638	3	6.42	41.8386
0383	22.678983 114.004376	4	8.00	41.8386
0384	23.040397 113.158358	10	8.00	41.8386
0385	23.15374 112.905005	7	6.39	41.8386
0386	22.675887 113.807281	6	7.03	40.0001
0387	22.625597 114.034519	3	8.00	39.9479
0388	22.545463 113.926390	1	6.33	39.8463
0389	23.458749 113.193986	14	6.51	39.8463
0390	22.540878 114.085845	5	8.00	39.8463
0391	22.559842 114.118199	4	8.00	39.8463
0392	23.212488 113.292305	5	8.00	39.8463
0393	23.13516 113.337886	6	8.00	39.8463
0394	23.105198 113.276884	5	8.00	39.8463
0395	23.095225 113.365248	4	8.00	39.8463
0396	23.193444 113.370323	5	8.00	39.8463
0397	22.565797 114.123028	4	8.00	39.8463
0398	23.001787 113.352865	6	8.00	39.8463
0399	22.728736 114.264305	1	6.36	39.8463
0400	23.373834 113.433356	5	6.45	39.8463
0401	23.135971 113.386713	5	8.00	39.8463
0402	22.646861 114.009774	1	6.39	39.8463
0403	22.679169 113.938947	5	8.00	39.8463
0404	23.10584 113.271284	5	8.00	39.8463
0405	22.659864 114.120275	5	8.00	39.8463
0406	22.708022 113.815302	3	7.24	39.8463
0407	22.550248 114.092534	4	8.00	39.8463
0408	22.547093 113.978106	1	6.39	39.8463
0409	22.562530 114.094441	1	6.51	39.8463
0410	23.148314 113.293349	1	7.36	39.8463
0411	22.550907 114.133295	1	6.51	39.8463
0412	23.141977 113.236106	7	8.00	39.8463
0413	23.17077 113.386429	5	8.00	39.8463
0414	23.10288 113.240445	6	8.00	39.8463
0415	22.531248 114.074777	5	8.00	39.8463
0416	22.566277 114.057247	1	6.51	39.8463
0417	22.937503 113.472495	12	6.39	39.8463
0418	22.780596 114.297116	10	7.06	39.8463
0419	22.693761 114.225501	9	7.45	39.8463
0420	22.607315 114.111315	4	8.00	39.8463
0421	23.203141 113.341529	5	8.00	39.8463
0422	22.609728 114.121268	4	8.00	39.8463
0423	22.571192 114.040503	3	8.00	39.8463
0424	23.132668 113.286578	6	8.00	39.8463
0425	22.581488 113.877354	6	7.42	39.8463
0426	22.681384 113.835816	5	7.21	39.8463
0427	22.626028 114.152468	5	8.00	39.8463
0428	23.439895 113.272345	9	7.06	39.8463
0429	23.142616 113.293306	6	8.00	39.8463
0430	23.279398 113.215721	9	7.18	39.8463
0431	22.553907 113.974574	6	8.00	39.8463
0432	22.573458 114.118823	4	8.00	39.8463
0433	23.112827 113.280243	1	7.27	39.8463
0434	22.991592 113.723135	1	6.33	39.8463
0435	23.333676 113.393497	5	6.57	39.8463
0436	22.537562 113.937039	7	7.45	39.8463
0437	22.608568 113.853501	1	6.36	39.8463
0438	23.223677 113.236506	6	8.00	39.8463
0439	23.101533 113.281233	1	7.27	39.8463
0440	22.539697 113.911861	7	7.39	39.8463
0441	22.521439 113.930063	1	6.33	39.8463
0442	22.541419 114.109829	4	8.00	39.8463
0443	22.521505 113.932276	6	7.39	39.8463
0444	23.41147 113.192208	15	6.51	39.8463
0445	22.586891 113.869516	6	7.42	39.8463
0446	23.105474 113.487867	4	7.27	39.8463
0447	22.537286 114.075432	1	6.51	39.8463
0448	22.54842 114.089112	4	8.00	39.8463
0449	22.67597 114.041621	3	8.00	39.8463
0450	23.122523 113.401998	4	8.00	39.8463
0451	22.656474 114.026536	1	6.45	39.8463
0452	22.69798 113.82128	4	7.15	39.8463
0453	23.168829 113.325786	1	7.39	39.8463
0454	22.657030 114.218155	1	6.48	39.8463
0455	23.214644 113.262955	5	8.00	39.8463
0456	23.192039 113.348428	5	8.00	39.8463
0457	22.566805 113.926733	6	7.42	39.8463
0458	22.557264 114.054618	4	8.00	39.8463
0459	23.136778 113.393584	1	7.18	39.8463
0460	23.102809 113.235305	6	8.00	39.8463
0461	23.349518 113.299053	7	7.18	39.8463
0462	22.716731 113.835882	4	7.30	39.8463
0463	22.767485 113.900599	4	7.33	39.8463
0464	23.126049 113.321041	6	8.00	39.8463
0465	23.061671 113.2262	5	8.00	39.8463
0466	23.138925 113.378918	5	8.00	39.8463
0467	22.726808 113.904246	4	7.39	39.8463
0468	22.681319 113.949623	5	8.00	39.8463
0469	22.606031 114.126707	4	8.00	39.8463
0470	22.760543 113.922454	4	7.36	39.8463
0471	23.117189 113.362763	5	8.00	39.8463
0472	21.498823 111.106315 	1	6.30	39.8463
0473	22.794154 113.385011	1	6.30	39.8463
0474	22.622065 114.121736	4	8.00	39.8463
0475	22.538354 113.977801	6	8.00	39.8463
0476	23.108233 113.265912	5	8.00	39.8463
0477	23.098874 113.328971	5	8.00	39.8463
0478	22.752553 114.026436	4	7.30	39.8463
0479	23.149311 113.28236	6	8.00	39.8463
0480	22.619595 114.229209	7	7.36	39.8463
0481	22.559059 114.158556	1	6.48	39.8463
0482	22.694935 113.844956	4	7.27	39.8463
0483	23.115144 113.25955	5	8.00	39.8463
0484	22.637062 114.076561	4	8.00	39.8463
0485	23.017785 114.039199	6	6.57	39.8463
0486	22.869974 113.67508	3	7.00	39.8463
0487	22.86985 114.131288	9	6.33	39.8463
0488	22.801963 113.721845	3	6.54	39.8463
0489	23.121891 113.824454	12	7.06	39.8463
0490	23.065028 113.900075	12	6.48	39.8463
0491	22.92074 114.012363	6	6.54	39.8463
0492	22.79723 114.080272	9	6.33	39.8463
0493	23.041766 113.733323	1	6.33	39.8463
0494	22.983841 113.929266	9	6.51	39.8463
0495	23.037111 113.886441	15	6.51	39.8463
0496	23.048678 113.7786	14	7.21	39.8463
0497	22.811692 113.682766	1	6.33	39.8463
0498	22.883376 114.119983	9	6.36	39.8463
0499	22.938454 113.807922	14	7.00	39.8463
0500	22.877674 113.082808	11	6.39	39.8463
0501	23.230059 113.08838	10	6.30	39.8463
0502	22.91514 112.872049	19	6.33	39.8463
0503	23.002962 113.13325	10	7.51	39.8463
0504	23.054569 112.923115	8	6.39	39.8463
0505	22.906752 113.167485	19	6.42	39.8463
0506	22.946631 113.282171	5	7.18	39.8463
0507	22.877588 113.082854	11	6.39	39.8463
0508	22.908228 113.224487	18	6.45	39.0864
0509	22.963037 113.107354	10	7.57	38.4497
0510	22.743173 114.139952	4	8.00	38.0205
0511	22.602344 114.059629	4	8.00	37.8577
0512	22.665991 114.06549	4	8.00	36.4665
0513	22.913183 113.845955	10	6.51	34.7793
0514	22.801749 113.75284	3	7.21	34.0831
0515	22.949361 113.383475	1	6.33	34.0692
0516	22.67858 113.807474	4	7.36	33.7613
0517	23.198099 113.424046	4	8.00	32.927
0518	23.118314 113.409231	3	8.00	31.759
0519	22.523183 114.059483	4	8.00	31.5716
0520	23.107375 113.541189	2	7.06	31.5077
0521	22.985054 113.730621	9	7.39	31.4796
0522	23.226076 113.309537	5	8.00	29.8847
0523	23.117332 113.411635	3	8.00	29.852
0524	23.142655 113.377527	4	8.00	28.1365
0525	22.571079 114.06153	3	8.00	24.6983
0526	23.101896 113.325889	4	8.00	24.1771
0527	22.590912 113.938085	4	8.00	23.9078
0528	23.477471 113.153309	12	6.48	23.9078
0529	23.102825 113.385889	3	8.00	23.9078
0530	22.764807 113.2973	24	6.42	23.4954
0531	23.062129 113.274549	4	8.00	23.4321
0532	23.06127 114.017925	4	6.54	23.0116
0533	23.465214 113.116516	12	6.51	21.9154
0534	23.10473 113.270301	4	8.00	21.9154
0535	23.125273 113.424431	3	8.00	21.9154
0536	22.616991 114.050323	3	8.00	21.9154
0537	23.467767 113.153265	11	6.57	21.9154
0538	23.308687 113.411452	4	7.03	21.9154
0539	23.007471 113.134428	8	8.00	21.9154
0540	22.578875 113.865793	6	7.57	21.6439
0541	22.754533 113.814188	2	7.54	21.1757
0542	22.70931 113.97225	3	8.00	21
0543	22.960403 113.668769	6	7.24	20.9193
0544	22.660281 114.221429	6	8.00	20.5801
0545	23.131021 113.010393	11	6.42	20.4029
0546	22.84683 114.170494	6	6.39	20.2945
0547	23.076161 113.80713	10	7.33	20.2553
0548	23.038477 113.797326	9	7.45	20.1144
0549	23.021185 113.736371	8	7.54	20.0221
0550	22.987672 113.950727	5	7.15	20
0551	23.133161 113.422087	3	8.00	19.9231
0552	22.691007 114.350423	5	7.03	19.9231
0553	22.683829 113.942915	3	8.00	19.9231
0554	22.965728 113.473636	5	6.54	19.9231
0555	23.404957 113.230019	8	7.18	19.9231
0556	22.664515 113.827217	4	8.00	19.9231
0557	22.699071 114.262472	7	7.33	19.9231
0558	23.219338 113.229506	4	8.00	19.9231
0559	22.537866 114.026688	3	8.00	19.9231
0560	22.571144 113.913206	4	8.00	19.9231
0561	22.532385 114.037147	2	8.00	19.9231
0562	23.158235 113.60728	12	6.39	19.9231
0563	22.80646 113.847029	3	7.39	19.9231
0564	22.74242 113.811259	2	7.57	19.9231
0565	22.609277 114.072487	3	8.00	19.9231
0566	22.597208 114.138971	3	8.00	19.9231
0567	23.075938 113.311626	4	8.00	19.9231
0568	23.477391 113.161711	11	7.00	19.9231
0569	23.194785 113.273758	4	8.00	19.9231
0570	22.634382 114.061367	3	8.00	19.9231
0571	23.131625 113.269593	4	8.00	19.9231
0572	22.679075 113.940527	4	8.00	19.9231
0573	22.540552 114.074406	3	8.00	19.9231
0574	22.620184 114.15286	3	8.00	19.9231
0575	22.678692 114.036315	3	8.00	19.9231
0576	23.13176 113.281256	4	8.00	19.9231
0577	23.105626 113.331857	4	8.00	19.9231
0578	23.232252 113.2174	5	8.00	19.9231
0579	23.250338 113.352783	4	8.00	19.9231
0580	22.557327 114.136246	3	8.00	19.9231
0581	22.684399 113.951052	3	8.00	19.9231
0582	22.569903 114.144945	3	8.00	19.9231
0583	22.649654 113.917479	3	8.00	19.9231
0584	23.40065 113.235188	8	7.18	19.9231
0585	22.756044 113.852766	3	8.00	19.9231
0586	23.554402 113.585389	16	6.33	19.9231
0587	22.650392 114.052425	3	8.00	19.9231
0588	23.553982 113.60336	13	6.33	19.9231
0589	22.727754 113.834037	3	8.00	19.9231
0590	22.754612 114.235709	8	7.27	19.9231
0591	22.736548 113.815489	2	8.00	19.9231
0592	23.125736 113.266832	1	7.54	19.9231
0593	22.603963 113.848492	5	8.00	19.9231
0594	23.244184 113.232456	5	8.00	19.9231
0595	23.279236 113.411627	2	7.42	19.9231
0596	23.205494 113.265774	4	8.00	19.9231
0597	23.12206 113.400313	3	8.00	19.9231
0598	23.027846 113.314994	4	8.00	19.9231
0599	23.242655 113.260177	4	8.00	19.9231
0600	23.29632 113.308569	6	8.00	19.9231
0601	22.567565 114.134081	3	8.00	19.9231
0602	23.537496 113.594134	14	6.33	19.9231
0603	22.631402 114.042737	2	8.00	19.9231
0604	22.604214 114.136224	3	8.00	19.9231
0605	22.607632 113.943851	4	8.00	19.9231
0606	23.126541 113.634612	8	6.39	19.9231
0607	22.512119 113.937591	5	8.00	19.9231
0608	22.635546 114.068196	3	8.00	19.9231
0609	22.69665 114.334521	6	7.06	19.9231
0610	23.139733 113.367267	4	8.00	19.9231
0611	22.58193 113.958801	4	8.00	19.9231
0612	22.752829 114.028418	3	7.54	19.9231
0613	23.15676 113.588452	4	6.45	19.9231
0614	22.622402 114.081573	3	8.00	19.9231
0615	23.049134 113.392069	3	8.00	19.9231
0616	23.301305 113.83191	2	6.36	19.9231
0617	23.140659 113.328849	4	8.00	19.9231
0618	22.566256 113.912736	4	8.00	19.9231
0619	22.614646 114.120194	3	8.00	19.9231
0620	22.702251 114.059494	3	8.00	19.9231
0621	22.614975 114.149724	3	8.00	19.9231
0622	23.390261 113.171529	10	7.06	19.9231
0623	22.520271 113.919056	5	8.00	19.9231
0624	22.746363 113.795779	2	7.42	19.9231
0625	22.568192 113.904839	4	8.00	19.9231
0626	23.093532 113.299083	3	8.00	19.9231
0627	23.302272 113.365212	5	7.45	19.9231
0628	23.365917 113.408058	5	6.57	19.9231
0629	23.189998 113.256442	4	8.00	19.9231
0630	22.543198 114.087865	3	8.00	19.9231
0631	23.12757 113.258991	4	8.00	19.9231
0632	23.141658 113.300051	4	8.00	19.9231
0633	23.253257 113.362061	4	8.00	19.9231
0634	23.170584 113.247355	5	8.00	19.9231
0635	22.703833 114.093831	3	8.00	19.9231
0636	22.654378 114.018598	2	8.00	19.9231
0637	23.181904 113.274925	4	8.00	19.9231
0638	22.574853 114.104720	1	7.21	19.9231
0639	22.609328 114.045171	2	8.00	19.9231
0640	23.12484 113.428474	3	8.00	19.9231
0641	22.682171 113.831826	3	7.54	19.9231
0642	22.678585 114.149829	4	8.00	19.9231
0643	23.09955 113.258924	3	8.00	19.9231
0644	23.1273 113.275742	4	8.00	19.9231
0645	22.695318 114.284897	8	7.30	19.9231
0646	22.586047 114.118147	3	8.00	19.9231
0647	22.791047 113.907786	3	7.51	19.9231
0648	23.137667 113.268607	4	8.00	19.9231
0649	23.101714 113.237932	4	8.00	19.9231
0650	23.089531 113.30354	4	8.00	19.9231
0651	22.981732 113.508461	6	6.45	19.9231
0652	22.782427 113.899277	3	7.57	19.9231
0653	23.306762 113.272456	7	7.54	19.9231
0654	23.127909 113.429536	3	8.00	19.9231
0655	22.68233 113.945186	3	8.00	19.9231
0656	22.740512 113.798479	2	7.42	19.9231
0657	22.612742 114.130842	3	8.00	19.9231
0658	23.245183 113.26699	4	8.00	19.9231
0659	23.288104 113.624005	7	6.33	19.9231
0660	22.561428 113.915091	4	8.00	19.9231
0661	22.648627 114.045759	2	8.00	19.9231
0662	23.265167 113.30372	4	8.00	19.9231
0663	22.731366 113.871288	3	8.00	19.9231
0664	23.131497 113.263774	4	8.00	19.9231
0665	23.291829 113.311527	4	8.00	19.9231
0666	23.388053 113.209874	9	7.15	19.9231
0667	22.726154 114.31471	7	7.21	19.9231
0668	22.724083 113.83535	3	8.00	19.9231
0669	22.641265 114.193002	5	8.00	19.9231
0670	23.168946 113.387319	3	8.00	19.9231
0671	22.779356 113.882517	3	8.00	19.9231
0672	22.694786 114.363229	4	7.03	19.9231
0673	23.237748 113.291745	4	8.00	19.9231
0674	22.935688 113.329537	4	7.30	19.9231
0675	23.177908 113.262563	4	8.00	19.9231
0676	22.580536 113.927531	4	8.00	19.9231
0677	23.013819 113.286347	4	8.00	19.9231
0678	23.288 113.248435	6	8.00	19.9231
0679	22.754333 113.825901	2	8.00	19.9231
0680	23.193002 113.240517	5	8.00	19.9231
0681	22.755268 113.901022	3	8.00	19.9231
0682	22.585088 114.125167	3	8.00	19.9231
0683	23.136657 113.394102	3	8.00	19.9231
0684	23.128267 113.288356	1	8.00	19.9231
0685	23.076328 113.187407	5	8.00	19.9231
0686	23.139008 113.38467	3	8.00	19.9231
0687	22.60748 113.857353	5	8.00	19.9231
0688	23.048494 113.318613	3	8.00	19.9231
0689	23.103755 113.45262	3	8.00	19.9231
0690	22.735653 113.868736	3	8.00	19.9231
0691	23.110975 113.284901	3	8.00	19.9231
0692	23.127649 113.568156	2	7.00	19.9231
0693	23.170743 113.495516	2	7.36	19.9231
0694	22.546207 113.923499	5	8.00	19.9231
0695	22.647318 113.934592	3	8.00	19.9231
0696	23.361475 113.154206	10	6.54	19.9231
0697	23.164795 113.215376	5	8.00	19.9231
0698	23.124025 113.252196	4	8.00	19.9231
0699	22.632325 114.153114	4	8.00	19.9231
0700	23.154271 113.508727	2	7.24	19.9231
0701	22.690644 113.929849	3	8.00	19.9231
0702	22.699048 114.00616	2	8.00	19.9231
0703	23.082555 113.340246	4	8.00	19.9231
0704	22.738389 114.017535	3	8.00	19.9231
0705	23.224812 113.278725	4	8.00	19.9231
0706	23.340888 113.302796	5	7.30	19.9231
0707	22.624755 114.042832	2	8.00	19.9231
0708	22.701280 114.228322	1	6.45	19.9231
0709	23.033092 113.343921	4	8.00	19.9231
0710	22.639714 113.938853	3	8.00	19.9231
0711	22.786051 113.932075	3	7.30	19.9231
0712	22.558162 113.953527	4	8.00	19.9231
0713	22.642813 114.199652	5	8.00	19.9231
0714	23.341603 113.308408	5	7.30	19.9231
0715	22.555692 114.146998	1	7.09	19.9231
0716	22.693729 114.003967	2	8.00	19.9231
0717	22.752358 114.047006	3	7.45	19.9231
0718	23.014123 113.330912	4	8.00	19.9231
0719	23.030732 113.318917	4	8.00	19.9231
0720	23.151654 113.326654	4	8.00	19.9231
0721	23.129766 113.418898	3	8.00	19.9231
0722	23.180843 113.266661	4	8.00	19.9231
0723	23.018796 113.341028	4	8.00	19.9231
0724	23.130774 113.286409	4	8.00	19.9231
0725	22.580654 113.920649	4	8.00	19.9231
0726	22.708679 114.090291	3	8.00	19.9231
0727	23.16337 113.257362	4	8.00	19.9231
0728	23.123160 113.354538	1	8.00	19.9231
0729	22.69621 113.826622	3	7.48	19.9231
0730	22.756527 114.259536	8	7.24	19.9231
0731	22.966895 113.403471	2	7.42	19.9231
0732	23.126749 113.363538	4	8.00	19.9231
0733	23.508004 113.686901	14	6.33	19.9231
0734	22.731757 114.07134	3	8.00	19.9231
0735	22.536229 114.027799	3	8.00	19.9231
0736	23.531128 113.615273	14	6.33	19.9231
0737	23.093789 113.271795	1	7.51	19.9231
0738	22.698637 114.125143	3	8.00	19.9231
0739	22.706283 114.089857	3	8.00	19.9231
0740	22.774768 113.866064	3	8.00	19.9231
0741	22.679928 113.837129	4	7.57	19.9231
0742	22.728433 114.304924	7	7.27	19.9231
0743	22.54748 113.974087	4	8.00	19.9231
0744	23.062979 113.365235	3	8.00	19.9231
0745	22.607519 114.064577	3	8.00	19.9231
0746	22.673135 114.008872	2	8.00	19.9231
0747	23.284708 113.852383	2	6.36	19.9231
0748	23.020387 113.330951	4	8.00	19.9231
0749	22.740158 114.043842	3	8.00	19.9231
0750	22.73341 114.287038	7	7.24	19.9231
0751	22.524376 113.949325	4	8.00	19.9231
0752	22.534015 114.067836	3	8.00	19.9231
0753	22.789535 113.933072	3	7.24	19.9231
0754	22.722281 113.919227	3	8.00	19.9231
0755	23.09882 113.340249	3	8.00	19.9231
0756	23.128006 113.404252	3	8.00	19.9231
0757	23.049124 113.399401	3	8.00	19.9231
0758	22.687897 114.114036	3	8.00	19.9231
0759	23.022658 113.353567	4	8.00	19.9231
0760	22.645555 114.231645	6	8.00	19.9231
0761	22.638425 114.021881	2	8.00	19.9231
0762	22.547653 113.977755	4	8.00	19.9231
0763	23.40466 113.23289	8	7.18	19.9231
0764	22.53251 114.070865	3	8.00	19.9231
0765	22.938598 113.349263	4	7.30	19.9231
0766	22.70193 113.83187	3	8.00	19.9231
0767	23.279593 113.830218	2	6.36	19.9231
0768	22.676134 114.031314	2	8.00	19.9231
0769	22.626184 114.157752	4	8.00	19.9231
0770	23.168598 113.331828	4	8.00	19.9231
0771	23.183208 113.242859	5	8.00	19.9231
0772	22.676906 113.940583	3	8.00	19.9231
0773	23.401581 113.212429	9	7.15	19.9231
0774	23.114422 113.626196	8	6.39	19.9231
0775	22.538407 113.924318	5	8.00	19.9231
0776	22.710917 113.820502	2	7.57	19.9231
0777	22.618443 114.168494	3	8.00	19.9231
0778	23.220429 113.382545	3	8.00	19.9231
0779	22.729748 114.269511	7	7.27	19.9231
0780	22.978106 113.433893	4	7.18	19.9231
0781	23.084767 113.238996	4	8.00	19.9231
0782	23.203614 113.260304	4	8.00	19.9231
0783	23.121292 113.401779	3	8.00	19.9231
0784	22.551115 114.019498	3	8.00	19.9231
0785	22.712053 114.319532	7	7.24	19.9231
0786	22.552028 114.134689	3	8.00	19.9231
0787	23.082187 113.232450	1	7.15	19.9231
0788	22.762867 113.805277	2	7.51	19.9231
0789	23.044102 113.341251	3	8.00	19.9231
0790	22.625556 114.118522	3	8.00	19.9231
0791	23.639637 113.685956	25	6.33	19.9231
0792	22.709856 114.279051	7	7.30	19.9231
0793	23.108546 113.283064	1	8.00	19.9231
0794	22.745954 114.400805	6	6.42	19.9231
0795	22.516794 113.928555	5	8.00	19.9231
0796	23.148217 113.293311	1	8.00	19.9231
0797	23.070767 113.315198	4	8.00	19.9231
0798	22.556930 114.135610	1	7.12	19.9231
0799	22.778588 113.822878	2	7.54	19.9231
0800	22.622372 114.032724	2	8.00	19.9231
0801	22.549686 114.096624	3	8.00	19.9231
0802	23.284194 113.251466	4	8.00	19.9231
0803	22.66355 114.113317	3	8.00	19.9231
0804	23.131877 113.467281	2	8.00	19.9231
0805	22.679938 113.944084	3	8.00	19.9231
0806	22.779912 113.90617	3	8.00	19.9231
0807	22.759359 113.923425	3	8.00	19.9231
0808	23.373447 113.305572	6	7.24	19.9231
0809	22.656834 114.038863	2	8.00	19.9231
0810	23.172054 113.38756	3	8.00	19.9231
0811	23.216805 113.382687	3	8.00	19.9231
0812	22.997366 113.313271	4	8.00	19.9231
0813	23.164808 113.215426	5	8.00	19.9231
0814	22.958694 113.378083	3	7.42	19.9231
0815	22.646470 114.009748	1	7.06	19.9231
0816	23.168364 113.39024	3	8.00	19.9231
0817	23.223223 113.295469	4	8.00	19.9231
0818	22.525774 114.055684	3	8.00	19.9231
0819	22.66124 114.057298	3	8.00	19.9231
0820	23.197384 113.396439	3	8.00	19.9231
0821	23.12836 113.615803	7	6.39	19.9231
0822	23.12486 113.253212	4	8.00	19.9231
0823	23.103519 113.375663	3	8.00	19.9231
0824	22.926225 113.348035	5	7.24	19.9231
0825	22.742155 113.813455	2	8.00	19.9231
0826	22.566204 114.178992	3	8.00	19.9231
0827	23.16291 113.227189	5	8.00	19.9231
0828	22.721231 113.849567	3	8.00	19.9231
0829	23.156647 113.267766	4	8.00	19.9231
0830	23.113143 113.555107	1	7.12	19.9231
0831	22.57103 114.063042	3	8.00	19.9231
0832	22.735161 114.301889	7	7.27	19.9231
0833	22.555127 113.908594	4	8.00	19.9231
0834	23.184956 113.460672	3	8.00	19.9231
0835	23.295999 113.845671	2	6.36	19.9231
0836	23.270543 113.303712	4	8.00	19.9231
0837	22.538329 113.924539	5	8.00	19.9231
0838	22.642307 114.029399	2	8.00	19.9231
0839	23.01609 113.393033	3	8.00	19.9231
0840	23.171037 113.385506	3	8.00	19.9231
0841	22.800386 113.539775	14	6.33	19.9231
0842	22.700297 113.801039	2	7.33	19.9231
0843	23.261005 113.256467	5	8.00	19.9231
0844	23.091569 113.270582	4	8.00	19.9231
0845	22.663852 114.130825	3	8.00	19.9231
0846	22.77973 113.915323	3	7.54	19.9231
0847	22.756618 113.846842	3	8.00	19.9231
0848	22.64224 113.869264	3	8.00	19.9231
0849	23.084662 113.247408	4	8.00	19.9231
0850	22.584579 114.145883	3	8.00	19.9231
0851	22.787472 113.890185	2	7.57	19.9231
0852	22.586445 113.960953	4	8.00	19.9231
0853	22.678681 113.944954	3	8.00	19.9231
0854	23.248745 113.361607	4	8.00	19.9231
0855	22.6972 113.799259	2	7.24	19.9231
0856	23.09451 113.537448	2	7.15	19.9231
0857	23.130577 113.386125	3	8.00	19.9231
0858	22.954478 113.370849	3	7.39	19.9231
0859	22.676292 113.828809	4	8.00	19.9231
0860	22.784529 113.834508	2	7.54	19.9231
0861	22.655615 114.222082	6	8.00	19.9231
0862	22.54097 114.08679	3	8.00	19.9231
0863	22.938138 113.362741	3	7.30	19.9231
0864	23.173079 113.245933	5	8.00	19.9231
0865	22.586528 113.948302	4	8.00	19.9231
0866	22.762379 113.817014	2	7.57	19.9231
0867	22.810214 113.868431	2	7.33	19.9231
0868	22.597324 113.995329	3	8.00	19.9231
0869	23.168041 113.390831	3	8.00	19.9231
0870	23.190597 113.250874	4	8.00	19.9231
0871	23.287881 113.835972	2	6.36	19.9231
0872	22.677101 114.230887	6	7.57	19.9231
0873	23.108864 113.456471	3	8.00	19.9231
0874	23.386228 113.233157	8	7.21	19.9231
0875	23.042904 113.339694	4	8.00	19.9231
0876	23.442247 113.327238	4	6.57	19.9231
0877	22.619962 114.043372	2	8.00	19.9231
0878	22.642208 113.86914	3	8.00	19.9231
0879	23.191428 113.253969	4	8.00	19.9231
0880	22.68864 114.003932	2	8.00	19.9231
0881	22.551636 114.125041	1	7.12	19.9231
0882	23.124957 113.285162	1	8.00	19.9231
0883	22.734044 113.812878	2	7.57	19.9231
0884	22.736067 113.911396	2	8.00	19.9231
0885	22.759419 113.907008	3	8.00	19.9231
0886	23.241216 113.281205	4	8.00	19.9231
0887	22.690289 113.944985	3	8.00	19.9231
0888	23.107343 113.284026	1	8.00	19.9231
0889	23.470746 113.186345	10	7.09	19.9231
0890	23.238645 113.307791	4	8.00	19.9231
0891	23.124216 113.258174	4	8.00	19.9231
0892	23.229363 113.291914	4	8.00	19.9231
0893	22.548557 113.940969	5	8.00	19.9231
0894	23.162649 113.440314	2	8.00	19.9231
0895	23.204412 113.372148	3	8.00	19.9231
0896	23.110531 113.300917	1	8.00	19.9231
0897	22.553436 114.005421	1	7.09	19.9231
0898	23.124737 113.411019	3	8.00	19.9231
0899	22.513896 113.934727	5	8.00	19.9231
0900	23.11221 113.271012	4	8.00	19.9231
0901	22.567904 114.179201	3	8.00	19.9231
0902	23.14151 113.550662	2	7.06	19.9231
0903	22.579349 113.930947	4	8.00	19.9231
0904	22.946099 113.402232	3	7.30	19.9231
0905	23.110309 113.422985	3	8.00	19.9231
0906	23.414427 113.717294	7	6.30	19.9231
0907	22.607706 114.042056	2	8.00	19.9231
0908	22.744411 114.027775	3	8.00	19.9231
0909	22.658557 114.013122	2	8.00	19.9231
0910	23.176911 113.244812	1	7.48	19.9231
0911	23.140153 113.23236	5	8.00	19.9231
0912	22.953789 113.35024	3	7.36	19.9231
0913	23.087559 113.330808	4	8.00	19.9231
0914	23.150449 113.234368	5	8.00	19.9231
0915	23.075933 113.279275	4	8.00	19.9231
0916	23.141711 113.300112	4	8.00	19.9231
0917	22.743096 113.853538	3	8.00	19.9231
0918	23.19419 113.341465	4	8.00	19.9231
0919	23.292706 113.302792	6	8.00	19.9231
0920	22.669292 114.021914	2	8.00	19.9231
0921	22.645539 114.043661	2	8.00	19.9231
0922	22.689654 114.089125	3	8.00	19.9231
0923	23.197087 113.272624	4	8.00	19.9231
0924	22.608405 114.131808	3	8.00	19.9231
0925	23.161889 113.311327	4	8.00	19.9231
0926	22.762261 113.803356	2	7.48	19.9231
0927	22.762335 113.932282	2	8.00	19.9231
0928	23.197231 113.265481	4	8.00	19.9231
0929	22.796075 113.952992	3	7.09	19.9231
0930	23.176051 113.664926	17	6.30	19.9231
0931	23.147242 113.349043	4	8.00	19.9231
0932	23.143869 113.433006	3	8.00	19.9231
0933	23.279898 113.306788	4	8.00	19.9231
0934	22.604255 113.889285	4	8.00	19.9231
0935	22.57019 114.503161	1	6.33	19.9231
0936	23.067267 113.399145	3	8.00	19.9231
0937	22.697286 113.788603	2	7.24	19.9231
0938	22.753515 113.857615	3	8.00	19.9231
0939	22.7529 113.792718	2	7.42	19.9231
0940	22.967507 113.338308	3	7.45	19.9231
0941	23.063067 113.346537	3	8.00	19.9231
0942	22.694308 113.798991	2	7.21	19.9231
0943	22.807539 113.892801	3	7.33	19.9231
0944	23.137376 113.338695	4	8.00	19.9231
0945	23.202991 113.374881	3	8.00	19.9231
0946	23.116361 113.226914	4	8.00	19.9231
0947	22.501452 113.938755	5	8.00	19.9231
0948	22.731251 114.100123	3	8.00	19.9231
0949	22.736324 114.38671	4	6.51	19.9231
0950	23.47321 113.249584	9	7.09	19.9231
0951	23.089764 113.308813	4	8.00	19.9231
0952	22.789134 113.388964	24	6.36	19.9231
0953	22.779628 113.914864	3	7.57	19.9231
0954	22.69716 114.047236	3	8.00	19.9231
0955	23.355278 113.392335	3	7.09	19.9231
0956	23.208776 113.334099	4	8.00	19.9231
0957	23.389134 113.216845	8	7.15	19.9231
0958	23.138844 113.579964	3	6.57	19.9231
0959	23.047007 113.337859	3	8.00	19.9231
0960	23.202989 113.263381	1	7.42	19.9231
0961	23.179264 113.714935	11	6.33	19.9231
0962	22.616995 114.046901	1	7.21	19.9231
0963	22.954901 113.379857	3	7.39	19.9231
0964	22.682951 114.010378	2	8.00	19.9231
0965	22.661587 114.074426	3	8.00	19.9231
0966	22.568124 114.045091	2	8.00	19.9231
0967	23.113131 113.449036	3	8.00	19.9231
0968	22.585884 113.86968	4	8.00	19.9231
0969	23.134618 113.386783	3	8.00	19.9231
0970	22.985368 113.322854	4	8.00	19.9231
0971	23.476614 113.239899	9	7.09	19.9231
0972	22.580875 113.907313	4	8.00	19.9231
0973	23.12403 113.254495	4	8.00	19.9231
0974	23.5314 113.592978	14	6.33	19.9231
0975	22.70298 113.84264	2	8.00	19.9231
0976	22.643898 114.076399	3	8.00	19.9231
0977	22.66513 114.238248	7	7.48	19.9231
0978	22.788478 113.889537	2	7.57	19.9231
0979	23.169018 113.38727	3	8.00	19.9231
0980	22.708088 114.064351	3	8.00	19.9231
0981	23.118132 113.364511	3	8.00	19.9231
0982	22.755773 113.912015	3	8.00	19.9231
0983	22.616425 114.118359	3	8.00	19.9231
0984	22.590953 113.957013	4	8.00	19.9231
0985	23.30995 113.237874	7	7.42	19.9231
0986	22.678822 114.034685	3	8.00	19.9231
0987	22.524293 113.949363	4	8.00	19.9231
0988	22.695136 113.948254	3	8.00	19.9231
0989	23.474501 113.238583	9	7.09	19.9231
0990	22.56647 114.110719	3	8.00	19.9231
0991	23.27411 113.32869	4	8.00	19.9231
0992	22.725041 114.299771	7	7.30	19.9231
0993	22.964123 113.283207	3	7.45	19.9231
0994	22.659687 114.008433	2	8.00	19.9231
0995	22.946646 113.364742	3	7.30	19.9231
0996	23.115450 113.418224	1	7.30	19.9231
0997	22.695095 113.815392	2	7.39	19.9231
0998	22.770166 113.850591	3	8.00	19.9231
0999	23.137149 113.279169	4	8.00	19.9231
1000	22.566717 113.926536	5	8.00	19.9231
1001	22.940616 113.360372	3	7.30	19.9231
1002	22.498771 113.895248	5	8.00	19.9231
1003	22.77798 114.081248	6	6.54	19.9231
1004	23.000144 113.91974	7	7.15	19.9231
1005	22.805936 113.741026	2	7.21	19.9231
1006	22.743062 114.118197	4	7.39	19.9231
1007	22.903224 113.816181	6	6.57	19.9231
1008	22.804772 113.74753	2	7.24	19.9231
1009	22.969322 113.70557	7	7.54	19.9231
1010	22.979086 113.982372	4	7.18	19.9231
1011	22.803661 113.812394	2	7.33	19.9231
1012	23.022548 113.928423	7	7.06	19.9231
1013	22.823812 113.799767	2	7.15	19.9231
1014	22.77245 114.067428	5	7.00	19.9231
1015	22.938265 113.625489	5	7.00	19.9231
1016	22.778125 113.751863	2	7.42	19.9231
1017	22.802223 114.102635	6	6.48	19.9231
1018	22.925 113.631691	5	7.09	19.9231
1019	22.841605 114.090852	6	6.54	19.9231
1020	22.891166 113.826767	4	7.09	19.9231
1021	22.700646 114.16965	4	8.00	19.9231
1022	22.95593 113.662486	5	7.27	19.9231
1023	22.954645 113.911108	6	7.09	19.9231
1024	22.795295 113.760692	2	7.36	19.9231
1025	23.083141 113.767028	10	7.36	19.9231
1026	23.101657 113.874529	12	7.09	19.9231
1027	22.926463 114.037365	5	7.03	19.9231
1028	22.93 113.837293	9	7.00	19.9231
1029	22.877114 114.095352	7	6.57	19.9231
1030	22.709582 114.177666	4	8.00	19.9231
1031	22.886224 114.007398	6	7.00	19.9231
1032	23.003847 113.784079	10	7.42	19.9231
1033	22.993739 113.87697	12	7.12	19.9231
1034	22.815683 113.682839	2	6.54	19.9231
1035	22.879447 113.824912	3	7.09	19.9231
1036	23.114369 113.831847	9	7.27	19.9231
1037	22.980098 113.86381	9	7.27	19.9231
1038	23.059838 113.771276	10	7.39	19.9231
1039	23.036206 113.772804	10	7.45	19.9231
1040	22.822065 114.189993	9	6.48	19.9231
1041	22.786421 113.740693	2	7.30	19.9231
1042	23.020809 113.949274	5	7.12	19.9231
1043	22.994115 113.992473	5	7.06	19.9231
1044	23.009599 113.706808	7	7.51	19.9231
1045	23.076711 113.969625	5	6.57	19.9231
1046	22.809754 114.081164	7	6.45	19.9231
1047	22.944554 113.866188	10	7.00	19.9231
1048	22.811167 113.724467	2	7.09	19.9231
1049	22.826964 114.108587	6	6.51	19.9231
1050	22.780789 114.118719	6	6.45	19.9231
1051	22.822234 113.755233	2	7.21	19.9231
1052	22.764935 114.084304	5	7.15	19.9231
1053	22.80565 113.740898	2	7.21	19.9231
1054	23.037027 113.797487	9	7.54	19.9231
1055	23.020852 113.984484	5	7.12	19.9231
1056	22.915173 113.980395	5	7.09	19.9231
1057	22.935573 113.636469	5	7.12	19.9231
1058	22.768697 113.798912	2	7.39	19.9231
1059	23.031772 114.092653	4	6.51	19.9231
1060	22.976751 113.760212	9	7.54	19.9231
1061	22.954993 113.911264	6	7.09	19.9231
1062	22.813272 114.090229	6	6.48	19.9231
1063	22.937475 113.712295	8	7.24	19.9231
1064	23.106108 113.97324	6	6.42	19.9231
1065	22.897119 113.852208	5	7.03	19.9231
1066	22.768174 113.799205	2	7.39	19.9231
1067	22.770692 113.789215	2	7.42	19.9231
1068	22.95963 113.700828	6	7.45	19.9231
1069	22.733944 114.116544	4	7.51	19.9231
1070	22.814651 113.793246	2	7.21	19.9231
1071	22.840164 114.200168	8	6.42	19.9231
1072	23.041115 114.013836	5	6.57	19.9231
1073	22.954792 113.920758	5	7.15	19.9231
1074	23.052802 113.75171	9	7.48	19.9231
1075	22.832463 113.680066	2	6.54	19.9231
1076	22.900153 113.863877	5	6.57	19.9231
1077	23.12442 113.885572	13	6.57	19.9231
1078	22.775498 113.757734	2	7.45	19.9231
1079	22.806587 113.837543	3	7.39	19.9231
1080	22.829263 113.812398	2	7.24	19.9231
1081	22.92664 113.983376	4	7.09	19.9231
1082	22.732519 114.135313	4	7.51	19.9231
1083	23.055013 113.744351	8	7.51	19.9231
1084	22.799161 114.082389	6	6.48	19.9231
1085	22.93524 113.712423	8	7.24	19.9231
1086	23.023463 113.747246	8	8.00	19.9231
1087	23.035179 113.799057	9	7.54	19.9231
1088	23.06617 113.718616	8	7.36	19.9231
1089	22.729495 114.204233	7	7.39	19.9231
1090	22.91217 113.621716	5	7.03	19.9231
1091	23.112146 113.79086	10	7.27	19.9231
1092	22.831608 114.113402	6	6.45	19.9231
1093	22.997915 113.897973	11	7.03	19.9231
1094	22.739625 114.161596	6	7.15	19.9231
1095	23.104527 113.867865	9	7.18	19.9231
1096	23.044151 113.780224	10	7.39	19.9231
1097	22.825356 113.736257	2	7.15	19.9231
1098	22.985615 113.953996	5	7.15	19.9231
1099	22.972278 114.035429	5	7.03	19.9231
1100	22.898636 113.923088	4	7.12	19.9231
1101	23.046573 113.786543	9	7.48	19.9231
1102	23.010499 114.022416	5	7.06	19.9231
1103	23.012182 113.71556	7	8.00	19.9231
1104	23.032352 113.885701	11	7.12	19.9231
1105	22.852086 113.72698	2	7.15	19.9231
1106	23.011314 114.102109	6	6.48	19.9231
1107	22.961579 113.67718	5	7.39	19.9231
1108	22.974824 113.988868	4	7.09	19.9231
1109	22.926663 113.935444	5	7.09	19.9231
1110	22.954846 113.935392	5	7.12	19.9231
1111	22.799794 113.67304	2	6.54	19.9231
1112	22.961275 113.889792	9	7.00	19.9231
1113	23.055543 113.548862	2	7.12	19.9231
1114	23.037388 113.784323	10	7.45	19.9231
1115	23.074947 113.696184	7	7.30	19.9231
1116	22.801112 114.072281	6	6.48	19.9231
1117	22.814671 113.795105	2	7.21	19.9231
1118	23.092249 113.82953	9	7.36	19.9231
1119	23.093876 113.784144	10	7.30	19.9231
1120	23.027349 114.05203	4	6.51	19.9231
1121	23.070079 113.878506	12	7.06	19.9231
1122	22.771301 113.79212	2	7.42	19.9231
1123	22.895069 113.634534	5	7.06	19.9231
1124	22.960469 114.04255	4	7.03	19.9231
1125	22.905706 113.819436	6	6.57	19.9231
1126	22.984608 113.955644	5	7.15	19.9231
1127	22.811372 113.796521	2	7.18	19.9231
1128	22.953944 113.977261	4	7.12	19.9231
1129	22.998147 113.923586	7	7.15	19.9231
1130	22.932349 113.870064	9	6.54	19.9231
1131	22.917688 114.090245	4	7.06	19.9231
1132	22.920828 113.667761	5	7.21	19.9231
1133	22.815166 114.16122	8	6.42	19.9231
1134	22.813131 113.693021	2	6.54	19.9231
1135	22.772376 114.07461	6	7.00	19.9231
1136	23.039387 113.749698	9	7.48	19.9231
1137	22.849592 113.709954	2	7.06	19.9231
1138	23.013723 113.767861	9	7.51	19.9231
1139	22.913478 114.007215	5	7.03	19.9231
1140	22.813916 113.81585	2	7.36	19.9231
1141	23.091486 113.733677	8	7.33	19.9231
1142	23.018409 113.931099	7	7.12	19.9231
1143	23.061404 113.745668	9	7.45	19.9231
1144	22.857311 114.16751	6	6.42	19.9231
1145	22.745632 114.132189	4	7.30	19.9231
1146	23.039652 113.793757	9	7.48	19.9231
1147	22.821741 113.796559	2	7.18	19.9231
1148	22.996231 113.842775	8	7.39	19.9231
1149	22.849609 113.635105	3	6.54	19.9231
1150	22.845934 113.677471	2	7.03	19.9231
1151	22.921877 113.970559	4	7.09	19.9231
1152	22.797837 113.7765	2	7.33	19.9231
1153	23.047683 113.965833	4	7.09	19.9231
1154	22.799248 113.734852	2	7.18	19.9231
1155	22.828959 114.219065	9	6.54	19.9231
1156	22.988497 114.020475	5	7.03	19.9231
1157	23.031403 113.998336	5	7.00	19.9231
1158	22.747349 114.11389	4	7.39	19.9231
1159	23.028009 113.924963	7	7.09	19.9231
1160	22.823346 114.190013	9	6.48	19.9231
1161	22.979523 113.868991	11	7.18	19.9231
1162	22.926757 113.931721	5	7.06	19.9231
1163	22.778333 114.041517	4	7.06	19.9231
1164	23.041146 113.793387	9	7.48	19.9231
1165	22.861333 112.713124	9	6.30	19.9231
1166	22.862543 113.140443	9	6.45	19.9231
1167	23.097502 112.983289	8	6.51	19.9231
1168	23.206301 113.090166	8	6.48	19.9231
1169	22.783929 113.280208	28	6.39	19.9231
1170	23.176257 112.84429	5	6.42	19.9231
1171	23.044896 113.134245	8	8.00	19.9231
1172	23.028507 113.205598	6	8.00	19.9231
1173	22.95841 113.083468	7	8.00	19.9231
1174	22.870735 113.070645	8	6.51	19.9231
1175	113.131483 23.031824	1	6.36	19.9231
1176	23.199288 112.862711	7	6.39	19.9231
1177	23.044966 113.070853	8	8.00	19.9231
1178	22.828449 113.186879	20	6.39	19.9231
1179	22.957645 113.046727	1	6.33	19.9231
1180	22.90844 113.084222	9	7.09	19.9231
1181	22.851031 113.208916	18	6.48	19.9231
1182	22.945842 112.992485	9	6.54	19.9231
1183	22.886559 112.815505	25	6.33	19.9231
1184	22.865052 113.012977	3	6.51	19.9231
1185	23.218288 113.124721	5	6.45	19.9231
1186	22.924002 113.078846	9	7.24	19.9231
1187	23.10474 113.185962	5	8.00	19.9231
1188	23.064156 113.132635	8	8.00	19.9231
1189	22.946046 113.093371	8	8.00	19.9231
1190	23.018008 112.928569	6	6.42	19.9231
1191	23.062639 113.085754	8	8.00	19.9231
1192	23.081462 112.963963	7	6.51	19.9231
1193	23.158548 113.097191	8	7.00	19.9231
1194	22.890848 112.908035	14	6.36	19.9231
1195	22.910516 113.222848	13	7.03	19.9231
1196	22.837338 113.269796	22	6.42	19.9231
1197	23.217125 113.193624	5	8.00	19.9231
1198	23.035598 113.072124	8	8.00	19.9231
1199	23.131878 113.152314	6	8.00	19.9231
1200	22.950558 113.200507	8	7.48	19.9231
1201	22.746692 113.269884	21	6.48	19.9231
1202	23.20048 113.126703	6	6.51	19.9231
1203	22.811849 113.145181	9	6.45	19.9231
1204	23.054558 113.077375	8	8.00	19.9231
1205	23.187784 113.171703	5	8.00	19.9231
1206	22.976627 113.224839	4	8.00	19.9231
1207	23.045332 113.177387	5	8.00	19.9231
1208	22.861972 113.174019	14	6.45	19.9231
1209	23.176661 113.010389	10	6.36	19.9231
1210	23.029895 113.18301	7	8.00	19.9231
1211	23.031897 113.198752	5	8.00	19.9231
1212	23.063001 112.952244	5	6.48	19.9231
1213	23.03844 113.124528	8	8.00	19.9231
1214	23.242116 113.113577	9	6.33	19.9231
1215	23.1013 113.185484	5	8.00	19.9231
1216	23.11445 113.186448	5	8.00	19.9231
1217	23.068396 113.18246	5	8.00	19.9231
1218	23.039637 113.113535	1	6.36	19.9231
1219	22.966175 113.092774	8	8.00	19.9231
1220	22.849746 113.011734	3	6.45	19.9231
1221	23.091763 113.003852	8	6.54	19.9231
1222	23.067008 112.967578	6	6.51	19.9231
1223	22.905481 113.09496	9	7.03	19.9231
1224	22.922027 113.22959	13	7.00	19.9231
1225	22.77301 113.262919	23	6.45	19.9231
1226	22.896958 113.046817	9	6.54	19.9231
1227	22.873854 113.080458	8	6.51	19.9231
1228	23.09287 113.196772	5	8.00	19.9231
1229	22.833412 113.222219	22	6.42	19.9231
1230	23.187311 113.15181	7	7.27	19.9231
1231	23.181887 112.963401	5	6.45	19.9231
1232	22.918387 113.083775	10	7.18	19.9231
1233	23.041151 113.116029	8	8.00	19.9231
1234	23.028549 113.108267	8	8.00	19.9231
1235	23.140438 113.029602	10	6.48	19.9231
1236	23.03649 113.151936	7	8.00	19.9231
1237	23.049063 113.162249	6	8.00	19.9231
1238	23.256482 113.157934	6	7.00	19.9231
1239	23.024469 113.123242	8	8.00	19.9231
1240	22.787911 113.123442	11	6.39	19.9231
1241	23.089051 112.953818	6	6.48	19.9231
1242	22.882888 113.079766	7	6.54	19.9231
1243	23.181886 112.960073	5	6.45	19.9231
1244	22.875004 112.960342	4	6.42	19.9231
1245	22.841984 112.623743	7	6.30	19.9231
1246	23.146479 113.16745	5	8.00	19.9231
1247	23.025707 113.201287	7	8.00	19.9231
1248	23.159015 113.175273	5	8.00	19.9231
1249	23.078122 113.106922	8	8.00	19.9231
1250	22.992381 113.205443	6	8.00	19.9231
1251	22.907445 113.166922	13	7.03	19.9231
1252	23.279771 112.95282	7	6.30	19.9231
1253	23.047825 112.892575	5	6.36	19.9231
1254	23.032175 113.058428	8	8.00	19.9231
1255	23.14642 112.964127	6	6.51	19.9231
1256	23.119823 113.209463	5	8.00	19.9231
1257	22.841116 114.108676	6	6.51	19.5432
1258	22.925371 112.924259	13	6.39	19.5432
1259	23.001247 113.072967	8	8.00	19.5432
1260	23.037019 113.134502	8	8.00	19.5432
1261	22.547083 113.963737	4	8.00	18.5175
1262	22.623677 114.117077	3	8.00	18.3667
1263	22.519363 113.920024	4	8.00	18.261
1264	23.585306 113.524752	11	6.51	17.9308
1265	23.1972 113.341247	4	8.00	17.9066
1266	23.264825 113.78339	2	6.54	17.8619
1267	23.378745 113.451695	3	7.06	17.6769
1268	23.235479 113.310501	4	8.00	17.4307
1269	22.989233 114.015563	5	8.00	17.3502
1270	22.840749 113.713928	2	8.00	16.6889
1271	23.019999 113.304801	4	8.00	15.8772
1272	22.771888 114.087366	5	8.00	15.8198
1273	23.114535 113.359365	1	8.00	15.7373
1274	23.113707 113.194624	5	8.00	15.1603
1275	22.620784 114.142396	3	8.00	14.888
1276	23.233479 113.273647	4	8.00	13.9462
1277	23.165246 113.229868	4	8.00	13.5709
1278	22.947583 113.155394	7	8.00	13.1511
1279	23.552925 113.593880	11	6.57	13.0081
1280	23.006205 113.125956	6	8.00	12.9003
1281	23.109573 113.189996	4	8.00	12.2308
1282	23.103535 113.239467	3	8.00	11.5443
1283	23.115734 113.284565	3	8.00	11.5341
1284	22.662717 113.868257	3	8.00	11.4122
1285	22.715165 114.16351	3	8.00	11.3608
1286	22.711769 114.233943	5	8.00	11.0655
1287	23.179127 113.232607	3	8.00	10.9577
1288	22.959082 113.688505	4	8.00	10.8986
1289	23.04612 113.77029	7	8.00	10.2849
1290	23.17939 113.232624	3	8.00	9.9616
1291	22.677596 113.943079	1	6.54	8.9832
1292	23.11535 113.287375	2	8.00	8.0595
1293	23.138009 113.339948	3	8.00	8.0586
1294	22.648431 114.025186	1	8.00	7.7362
1295	23.189477 112.9031	3	7.00	7.5925
1296	23.346159 113.291179	3	8.00	7.5268
1297	22.934163 113.661179	4	8.00	7.4288
1298	23.197974 113.362159	2	8.00	7.4166
1299	23.207299 113.219847	3	8.00	6.4138
1300	22.732855 113.913579	1	8.00	6.3409
1301	23.095291 113.268316	2	8.00	6.0877
1302	22.751659 113.798215	1	8.00	5.9769
1303	23.005873 113.941863	3	8.00	5.9769
1304	23.132753 113.389921	2	8.00	5.6317
1305	22.541893 114.104769	2	8.00	5.6198
1306	22.783063 113.883553	1	8.00	5.5463
1307	22.801885 113.809194	1	8.00	5.4222
1308	23.140609 113.276638	2	8.00	4.9808
1309	22.736689 114.014507	1	8.00	4.8502
1310	23.114157 113.861517	4	8.00	4.7742
1311	23.076772 113.285325	2	8.00	4.6652
1312	23.185425 113.328208	2	8.00	4.2748
1313	23.081575 113.255523	2	8.00	4.2743
1314	22.9547 113.380502	1	8.00	4.2255
1315	22.838986 113.19525	10	7.21	4.2092
1316	23.235565 113.313338	2	8.00	4.1743
1317	23.114962 113.550644	1	7.57	4.1494
1318	22.616369 114.169655	2	8.00	4
1319	22.943723 113.092554	3	8.00	4
1320	23.136097 113.391523	1	8.00	3.9846
1321	23.081941 113.340145	2	8.00	3.9846
1322	22.688487 113.950857	1	8.00	3.9846
1323	22.538541 114.017808	1	8.00	3.9846
1324	23.151366 113.33294	2	8.00	3.9846
1325	22.981142 113.319482	2	8.00	3.9846
1326	22.642198 114.057303	1	8.00	3.9846
1327	23.202877 113.224004	2	8.00	3.9846
1328	23.135027 113.391975	1	8.00	3.9846
1329	23.09353 113.97741	2	8.00	3.9846
1330	22.900134 112.901647	6	6.51	3.9846
1331	22.99176 113.884259	5	8.00	3.8779
1332	22.594962 114.131239	1	8.00	3.7533
1333	22.691853 113.793094	1	8.00	3.4315
1334	22.567707 114.119228	1	8.00	3.1214
1335	23.114022 113.287397	1	8.00	3.0446
1336	23.12621 113.264437	1	8.00	2.1046
1337	23.262857 113.362453	1	8.00	2.1046
1338	23.1394 113.329564	1	8.00	2.0332
1339	22.653325 114.055072	1	8.00	2
1340	23.150466 113.2571	1	8.00	2
1341	23.142575 113.459695	1	8.00	2
1342	22.666216 113.870892	1	8.00	2
1343	22.591455 113.85078	2	8.00	2
1344	22.557764 114.053106	1	8.00	2
1345	23.176335 113.278514	1	8.00	2
1346	23.046553 113.380583	1	8.00	2
1347	22.567335 114.049928	1	8.00	2
1348	22.59598 114.122261	1	8.00	2
1349	22.604491 113.884646	1	8.00	2
1350	22.546566 113.919158	1	8.00	2
1351	23.119893 113.379039	1	8.00	2
1352	23.027139 113.325241	1	8.00	2
1353	22.762004 113.884499	1	8.00	2
1354	22.719648 114.217649	2	8.00	2
1355	23.178014 113.271324	1	8.00	2
1356	22.740831 113.830542	1	8.00	2
1357	22.640204 114.19104	2	8.00	2
1358	22.735581 114.021474	1	8.00	2
1359	22.67872 114.00856	1	8.00	2
1360	22.682929 114.375702	1	7.45	2
1361	23.254538 113.280497	1	8.00	2
1362	22.643088 114.077496	1	8.00	2
1363	23.32926 113.235614	2	8.00	2
1364	23.113186 113.456276	1	8.00	2
1365	22.692526 113.808621	1	8.00	2
1366	22.692011 113.935795	1	8.00	2
1367	22.877694 113.313253	4	8.00	2
1368	22.95994 113.346143	1	8.00	2
1369	22.676616 114.019238	1	8.00	2
1370	23.367849 113.372406	1	8.00	2
1371	22.696592 114.080521	1	8.00	2
1372	22.688898 113.941172	1	8.00	2
1373	23.129741 113.466657	1	8.00	2
1374	22.753612 114.387122	2	8.00	2
1375	22.648044 113.841368	1	8.00	2
1376	23.09828 113.326104	1	8.00	2
1377	22.590931 113.872062	1	8.00	2
1378	23.292381 113.840487	1	6.54	2
1379	23.2046 113.432343	1	8.00	2
1380	22.761396 114.370497	2	7.57	2
1381	23.126289 113.42732	1	8.00	2
1382	22.614869 114.122876	1	8.00	2
1383	22.758745 114.25131	2	8.00	2
1384	23.198481 113.410804	1	8.00	2
1385	22.762562 113.829352	1	8.00	2
1386	23.5633 113.475857	1	6.36	2
1387	22.55392 114.096056	1	8.00	2
1388	22.571959 114.061668	1	8.00	2
1389	23.136125 113.260912	1	8.00	2
1390	22.966192 114.139648	2	6.57	2
1391	22.981998 114.002272	1	8.00	2
1392	23.11394 113.840691	3	8.00	2
1393	23.061539 113.819426	3	8.00	2
1394	23.046685 113.787325	3	8.00	2
1395	23.039433 113.973821	2	8.00	2
1396	22.948656 113.857529	3	8.00	2
1397	23.120339 113.823403	3	8.00	2
1398	22.937492 113.675092	2	8.00	2
1399	22.986327 113.912095	2	8.00	2
1400	23.115301 113.762285	3	8.00	2
1401	22.820322 113.985404	1	8.00	2
1402	22.83517 114.198	2	7.45	2
1403	23.076061 113.733896	3	8.00	2
1404	23.066181 114.022867	1	8.00	2
1405	22.922346 113.928126	2	8.00	2
1406	23.049183 113.780553	3	8.00	2
1407	23.027713 114.031215	2	8.00	2
1408	22.785018 113.787249	1	8.00	2
1409	22.928183 113.739975	2	8.00	2
1410	22.808677 114.14749	2	8.00	2
1411	23.058886 113.791876	3	8.00	2
1412	22.862789 114.120386	2	8.00	2
1413	22.827093 113.691586	1	8.00	2
1414	22.814336 113.680441	1	8.00	2
1415	23.01484 113.933518	2	8.00	2
1416	22.79587 113.796218	1	8.00	2
1417	23.181584 113.211855	1	8.00	2
1418	22.825403 113.274805	8	7.12	2
1419	23.033969 113.0551	3	8.00	2
1420	23.042646 113.15652	2	8.00	2
1421	22.849891 113.264191	5	7.39	2
1422	22.777089 113.253881	9	7.15	2
1423	23.081293 113.183563	2	8.00	2
1424	22.953825 113.083441	2	8.00	2
1425	23.116301 112.869282	1	7.21	2
1426	23.064088 113.111914	3	8.00	2
1427	22.894359 112.884605	5	6.51	2
1428	23.12433 113.109483	2	8.00	2
1429	23.184704 112.86817	1	7.06	2
1430	22.837311 113.257526	7	7.24	2
1431	22.788347 113.820687	1	8.00	1.9923
1432	22.642329 113.940914	1	8.00	1.9923
1433	22.550191 114.045756	1	8.00	1.9923
1434	23.165025 113.494401	1	8.00	1.9923
1435	22.648168 113.934028	1	8.00	1.9923
1436	23.175625 113.472175	1	8.00	1.9923
1437	22.669112 114.136192	1	8.00	1.9923
1438	23.268087 113.301635	1	8.00	1.9923
1439	23.088394 113.330061	1	8.00	1.9923
1440	23.077559 113.269359	1	8.00	1.9923
1441	23.042548 113.281709	1	8.00	1.9923
1442	23.128426 113.606336	2	7.27	1.9923
1443	22.743525 114.019736	1	8.00	1.9923
1444	22.735774 113.8453	1	8.00	1.9923
1445	22.677719 114.319408	2	8.00	1.9923
1446	23.045783 113.318957	1	8.00	1.9923
1447	23.13433 113.325261	1	8.00	1.9923
1448	23.092579 113.326677	1	8.00	1.9923
1449	22.762143 113.808743	1	8.00	1.9923
1450	23.080988 113.339109	1	8.00	1.9923
1451	22.810679 113.848659	1	8.00	1.9923
1452	22.615443 114.125244	1	8.00	1.9923
1453	23.145345 113.324224	1	8.00	1.9923
1454	22.668722 114.031515	1	8.00	1.9923
1455	23.119504 113.34438	1	8.00	1.9923
1456	23.132648 113.437797	1	8.00	1.9923
1457	23.047881 113.453861	1	8.00	1.9923
1458	23.200882 113.267982	1	8.00	1.9923
1459	22.721676 113.921097	1	8.00	1.9923
1460	22.701443 114.347332	2	8.00	1.9923
1461	22.609817 114.130732	1	8.00	1.9923
1462	23.171964 113.496133	1	8.00	1.9923
1463	23.02919 113.331874	1	8.00	1.9923
1464	23.152881 113.369335	1	8.00	1.9923
1465	23.396451 113.215319	3	8.00	1.9923
1466	22.67529 114.026051	1	8.00	1.9923
1467	22.800291 113.915077	1	8.00	1.9923
1468	22.555842 114.131389	1	8.00	1.9923
1469	23.124553 113.327841	1	8.00	1.9923
1470	22.743681 113.838079	1	8.00	1.9923
1471	23.149271 113.295089	1	8.00	1.9923
1472	23.299863 113.35164	2	8.00	1.9923
1473	23.146261 113.227406	2	8.00	1.9923
1474	23.203258 113.229655	1	8.00	1.9923
1475	22.803578 113.88048	1	8.00	1.9923
1476	22.741117 114.041342	1	8.00	1.9923
1477	23.209231 113.555487	1	7.36	1.9923
1478	23.238443 113.285521	1	8.00	1.9923
1479	22.921528 113.37898	2	8.00	1.9923
1480	22.69373 114.057432	1	8.00	1.9923
1481	23.25202 113.264606	1	8.00	1.9923
1482	23.215302 113.336174	1	8.00	1.9923
1483	22.701362 114.000439	1	8.00	1.9923
1484	23.096097 113.381176	1	8.00	1.9923
1485	23.366579 113.399901	2	7.48	1.9923
1486	23.108882 113.578363	1	7.45	1.9923
1487	22.921637 113.378999	2	8.00	1.9923
1488	22.696556 113.845161	1	8.00	1.9923
1489	22.494063 113.939516	1	8.00	1.9923
1490	23.147686 113.255173	1	8.00	1.9923
1491	23.014966 113.330859	1	8.00	1.9923
1492	23.152359 113.235196	2	8.00	1.9923
1493	23.199756 113.227689	1	8.00	1.9923
1494	22.619811 113.849949	2	8.00	1.9923
1495	22.726269 113.920876	1	8.00	1.9923
1496	22.685402 113.988473	1	8.00	1.9923
1497	22.74019 113.921597	1	8.00	1.9923
1498	23.081526 113.219005	1	8.00	1.9923
1499	23.209195 113.247869	1	8.00	1.9923
1500	22.595645 113.867961	1	8.00	1.9923
1501	23.101793 113.333964	1	8.00	1.9923
1502	22.759714 113.904866	1	8.00	1.9923
1503	22.804594 113.880702	1	8.00	1.9923
1504	22.955161 113.461607	2	7.33	1.9923
1505	22.943258 113.412968	1	8.00	1.9923
1506	23.392431 113.226045	3	8.00	1.9923
1507	23.26303 113.243488	2	8.00	1.9923
1508	23.273877 113.247424	2	8.00	1.9923
1509	22.693583 114.362754	1	8.00	1.9923
1510	23.099167 113.262162	1	8.00	1.9923
1511	23.120488 113.371238	1	8.00	1.9923
1512	23.048058 113.387189	1	8.00	1.9923
1513	23.029619 113.317787	1	8.00	1.9923
1514	22.652855 114.055381	1	8.00	1.9923
1515	23.392352 113.219908	3	8.00	1.9923
1516	22.751922 113.578058	3	6.51	1.9923
1517	22.697844 113.815985	1	8.00	1.9923
1518	22.721198 114.077826	1	8.00	1.9923
1519	22.527525 113.933356	1	8.00	1.9923
1520	22.622626 114.1638	1	8.00	1.9923
1521	23.166063 113.242496	2	8.00	1.9923
1522	23.469043 113.162896	3	7.45	1.9923
1523	22.546174 113.976207	1	8.00	1.9923
1524	22.540824 113.922639	1	8.00	1.9923
1525	22.671491 113.920377	1	8.00	1.9923
1526	22.730032 114.065075	1	8.00	1.9923
1527	22.803059 113.881091	1	8.00	1.9923
1528	22.582286 113.889842	1	8.00	1.9923
1529	22.892953 113.410004	2	7.54	1.9923
1530	22.537432 113.926899	1	8.00	1.9923
1531	23.155817 113.378966	1	8.00	1.9923
1532	22.568373 114.102633	1	8.00	1.9923
1533	23.100669 113.350425	1	8.00	1.9923
1534	23.112882 113.229895	1	8.00	1.9923
1535	22.956544 113.411829	1	8.00	1.9923
1536	22.808094 113.897042	1	8.00	1.9923
1537	23.110039 113.473598	1	8.00	1.9923
1538	22.699153 113.945862	1	8.00	1.9923
1539	23.167896 113.390573	1	8.00	1.9923
1540	22.622822 114.031131	1	8.00	1.9923
1541	23.374725 113.210067	3	8.00	1.9923
1542	22.97827 113.35543	1	8.00	1.9923
1543	23.466244 113.368883	1	7.00	1.9923
1544	22.545679 114.133723	1	8.00	1.9923
1545	22.613007 114.129267	1	8.00	1.9923
1546	22.964789 113.431002	1	8.00	1.9923
1547	22.996967 113.355869	1	8.00	1.9923
1548	22.562913 114.105983	1	8.00	1.9923
1549	22.593345 113.990382	1	8.00	1.9923
1550	22.667422 114.00305	1	8.00	1.9923
1551	23.06335 113.316799	1	8.00	1.9923
1552	23.058123 113.209894	1	8.00	1.9923
1553	23.141363 113.275715	1	8.00	1.9923
1554	23.339706 113.305417	2	8.00	1.9923
1555	22.654059 114.040726	1	8.00	1.9923
1556	23.214378 113.286936	1	8.00	1.9923
1557	22.65472 114.016713	1	8.00	1.9923
1558	22.549971 114.131318	1	8.00	1.9923
1559	23.258496 113.276614	1	8.00	1.9923
1560	22.541455 114.091181	1	8.00	1.9923
1561	22.621286 113.870582	1	8.00	1.9923
1562	23.134027 113.388363	1	8.00	1.9923
1563	23.05402 113.870366	3	8.00	1.9923
1564	23.039768 113.71544	3	8.00	1.9923
1565	22.810973 113.72352	1	8.00	1.9923
1566	22.823269 113.681592	1	8.00	1.9923
1567	22.76769 113.798662	1	8.00	1.9923
1568	22.769526 114.105348	2	8.00	1.9923
1569	22.96937 113.767053	3	8.00	1.9923
1570	22.761235 114.151974	2	8.00	1.9923
1571	22.929345 113.66229	2	8.00	1.9923
1572	23.053699 113.958475	1	8.00	1.9923
1573	22.798649 113.782269	1	8.00	1.9923
1574	22.976325 114.085426	1	8.00	1.9923
1575	22.801761 113.724562	1	8.00	1.9923
1576	22.963595 113.678648	2	8.00	1.9923
1577	22.948517 113.939403	2	8.00	1.9923
1578	22.920015 113.865418	3	8.00	1.9923
1579	23.014449 113.840248	3	8.00	1.9923
1580	23.043474 114.067686	1	8.00	1.9923
1581	22.962496 114.180187	2	7.00	1.9923
1582	22.961047 113.923816	2	8.00	1.9923
1583	22.987346 114.040265	2	8.00	1.9923
1584	23.093705 113.784069	3	8.00	1.9923
1585	23.105495 113.985255	2	8.00	1.9923
1586	23.042227 113.832825	3	8.00	1.9923
1587	23.016329 113.710283	2	8.00	1.9923
1588	22.832212 113.689163	1	8.00	1.9923
1589	22.8204 113.755576	1	8.00	1.9923
1590	22.910525 113.998527	1	8.00	1.9923
1591	22.933476 114.04144	2	8.00	1.9923
1592	22.816792 114.156049	3	8.00	1.9923
1593	22.85065 113.642003	1	8.00	1.9923
1594	22.765165 114.150772	2	8.00	1.9923
1595	22.848728 114.183671	2	7.48	1.9923
1596	23.070594 114.007934	1	8.00	1.9923
1597	22.907607 113.662132	1	8.00	1.9923
1598	23.097143 113.944739	3	8.00	1.9923
1599	22.9731 113.736391	2	8.00	1.9923
1600	22.962249 113.936295	2	8.00	1.9923
1601	22.905281 113.866005	2	8.00	1.9923
1602	22.956593 113.885066	3	8.00	1.9923
1603	23.012891 113.7361	2	8.00	1.9923
1604	22.986687 113.95669	1	8.00	1.9923
1605	22.726013 114.17454	2	8.00	1.9923
1606	22.980136 113.760893	3	8.00	1.9923
1607	22.761861 114.169312	2	8.00	1.9923
1608	22.770499 114.093328	2	8.00	1.9923
1609	22.970974 114.140149	3	6.57	1.9923
1610	22.927461 114.123809	2	7.36	1.9923
1611	23.056917 113.972694	1	8.00	1.9923
1612	22.857635 113.731079	1	8.00	1.9923
1613	22.969485 114.154996	3	6.54	1.9923
1614	22.958535 113.89069	3	8.00	1.9923
1615	22.98412 114.012715	2	8.00	1.9923
1616	22.805842 113.838947	1	8.00	1.9923
1617	22.867798 113.848589	1	8.00	1.9923
1618	23.188125 113.205387	1	8.00	1.9923
1619	23.158884 113.09294	3	8.00	1.9923
1620	23.197335 112.885419	2	7.09	1.9923
1621	23.116108 113.167781	2	8.00	1.9923
1622	23.10461 112.99215	2	7.57	1.9923
1623	22.87546 112.936851	1	7.06	1.9923
1624	22.816468 113.374217	10	6.54	1.9923
1625	22.848344 113.022846	1	7.39	1.9923
1626	22.947788 113.274266	1	8.00	1.9923
1627	22.758389 113.33981	8	7.30	1.9923
1628	23.197404 113.164752	2	8.00	1.9923
1629	23.039749 113.149592	2	8.00	1.9923
1630	22.859167 113.238154	6	7.51	1.9923
1631	23.17893 112.863593	2	7.09	1.9923
1632	22.850486 113.155671	3	7.51	1.9923
1633	23.154408 113.17362	2	8.00	1.9923
1634	22.713492 113.158742	8	7.06	1.9923
1635	23.04329 113.105539	3	8.00	1.9923
1636	23.258386 113.019837	2	6.54	1.9923
1637	23.190689 113.092035	2	7.45	1.9923
1638	23.122746 113.192885	2	8.00	1.9923
1639	22.82251 113.025002	1	7.24	1.9923
1640	23.05918 113.115516	3	8.00	1.9923
1641	22.983303 113.309809	1	8.00	1.6879
1642	23.140365 113.344485	1	8.00	1.562
1643	22.538913 114.065357	1	8.00	1.4194
1644	23.087982 113.25839	1	8.00	1.2701
1645	23.127697 113.310772	1	8.00	1.227
1646	22.708843 114.093508	1	8.00	1.2121
1647	22.967164 113.996381	1	8.00	1.1203
1648	22.940836 113.649068	1	8.00	0.9856
1649	23.126932 113.660297	2	7.42	0.9847
1650	23.252279 113.233557	1	8.00	0.9115
1651	23.018857 113.07747	2	8.00	0.9115
1652	23.015994 113.76411	2	8.00	0.908
1653	23.044736 113.832363	2	8.00	0.9045
1654	23.059438 113.776895	2	8.00	0.9011
1655	23.282362 113.331886	1	8.00	0.8907
1656	23.146495 113.111215	2	8.00	0.8398
1657	23.108456 113.239011	1	8.00	0.75
1658	22.729527 114.256978	1	8.00	0.7461
1659	23.092183 113.334395	1	8.00	0.7329
1660	22.559631 114.133602	1	8.00	0.7329
1661	22.785964 113.747859	1	8.00	0.7301
1662	23.04801 113.401632	1	8.00	0.7272
1663	22.667073 114.021308	1	8.00	0.7245
1664	23.100183 113.337437	1	8.00	0.7245
1665	23.135042 113.328932	1	8.00	0.7079
1666	23.180978 113.353962	1	8.00	0.7077
1667	23.115794 113.550495	1	8.00	0.6838
1668	22.711261 113.811977	1	8.00	0.6666
1669	23.463938 113.283324	1	8.00	0.6606
1670	23.109659 113.237630	1	8.00	0.5676
1671	22.625287 114.15775	1	8.00	0.5462
1672	22.567391 114.181531	1	8.00	0.3823
1673	22.562082 113.962821	1	8.00	0.3808
1674	23.388962 113.213867	1	8.00	0.3808
1675	22.544267 114.109690	1	8.00	0.3794
1676	22.73447 114.293377	1	8.00	0.3794
1677	23.126134 113.430484	1	8.00	0.3794
1678	23.113299 113.2858	1	8.00	0.3794
1679	23.190896 113.34069	1	8.00	0.3779
1680	23.123978 113.267879	1	8.00	0.3779
1681	23.297187 113.309771	1	8.00	0.3779
1682	22.524853 113.932363	1	8.00	0.3779
1683	22.554932 113.947665	1	8.00	0.3779
1684	23.036541 113.294234	1	8.00	0.3764
1685	22.677466 114.007083	1	8.00	0.3764
1686	23.097177 113.794141	1	8.00	0.3764
1687	23.025983 113.160490	1	8.00	0.3764
1688	23.191485 113.341252	1	8.00	0.375
1689	22.960654 113.356821	1	8.00	0.375
1690	22.588816 113.971681	1	8.00	0.375
1691	23.09324 113.161075	1	8.00	0.375
1692	23.176391 113.265977	1	8.00	0.3736
1693	22.537965 114.083933	1	8.00	0.3736
1694	23.125325 113.415681	1	8.00	0.3736
1695	23.095389 113.364311	1	8.00	0.3736
1696	22.73711 113.836685	1	8.00	0.3721
1697	23.089928 113.524417	1	8.00	0.3721
1698	23.114597 113.437809	1	8.00	0.3721
1699	23.153595 113.33432	1	8.00	0.3721
1700	23.041501 113.317763	1	8.00	0.3721
1701	22.516122 114.050897	1	8.00	0.3721
1702	22.678757 114.000754	1	8.00	0.3721
1703	22.582619 113.879685	1	8.00	0.3721
1704	22.631252 114.220208	1	8.00	0.3721
1705	22.709633 113.795383	1	8.00	0.3707
1706	23.106351 113.256934	1	8.00	0.3707
1707	22.494423 113.940057	1	8.00	0.3707
1708	24.293405 116.122526	1	7.24	0.3707
1709	23.158466 113.204456	1	8.00	0.3707
1710	23.183163 113.351206	1	8.00	0.3707
1711	22.79171 113.750679	1	8.00	0.3707
1712	22.820459 113.241417	3	7.45	0.3707
1713	22.944018 112.84557	2	6.57	0.3707
1714	22.989608 113.13176	1	8.00	0.3707
1715	23.260226 113.785591	1	7.00	0.3693
1716	22.868659 113.456987	1	7.45	0.3693
1717	22.542164 114.085394	1	8.00	0.3693
1718	22.641969 114.429571	1	7.15	0.3693
1719	22.553168 114.087320	1	8.00	0.3693
1720	23.103622 113.459465	1	8.00	0.3693
1721	23.139774 113.267231	1	8.00	0.3693
1722	22.616148 114.113674	1	8.00	0.3678
1723	23.11996 113.394607	1	8.00	0.3678
1724	22.541287 113.974886	1	8.00	0.3678
1725	23.048139 113.399886	1	8.00	0.3678
1726	23.138078 113.361953	1	8.00	0.3678
1727	21.53332 111.229119	5	6.33	0.3678
1728	22.686509 113.982837	1	8.00	0.3678
1729	22.597055 114.268835	1	7.54	0.3678
1730	22.989311 113.254156	1	8.00	0.3678
1731	22.617745 113.84745	1	8.00	0.3664
1732	23.282406 113.341350	1	8.00	0.3664
1733	23.119350 113.297393	1	8.00	0.3664
1734	22.78981 113.915402	1	8.00	0.3664
1735	22.697284 114.229877	1	8.00	0.3664
1736	22.73786 114.017811	1	8.00	0.3664
1737	22.897819 113.669414	1	8.00	0.3664
1738	22.635813 114.068462	1	8.00	0.365
1739	22.667868 113.996969	1	8.00	0.365
1740	22.764687 113.818122	1	8.00	0.365
1741	22.559829 114.142063	1	8.00	0.365
1742	23.049722 113.401725	1	8.00	0.365
1743	23.220557 113.301598	1	8.00	0.365
1744	22.643389 114.194805	1	8.00	0.365
1745	22.914986 114.0613	1	8.00	0.365
1746	23.068304 112.851532	1	6.54	0.365
1747	23.045104 113.09069	1	8.00	0.365
1748	23.058126 113.113304	1	8.00	0.365
1749	23.054918 113.412964	1	8.00	0.3636
1750	22.785235 113.390047	3	7.03	0.3636
1751	22.557314 114.237851	1	8.00	0.3636
1752	23.222086 113.299249	1	8.00	0.3636
1753	22.657737 114.045913	1	8.00	0.3636
1754	22.724736 114.075841	1	8.00	0.3636
1755	22.535841 113.92102	1	8.00	0.3636
1756	23.114495 113.283361	1	8.00	0.3636
1757	22.65537 114.014637	1	8.00	0.3636
1758	22.607224 114.135821	1	8.00	0.3636
1759	22.635943 114.19549	1	8.00	0.3636
1760	23.127199 113.368326	1	8.00	0.3636
1761	23.086145 113.344864	1	8.00	0.3636
1762	22.607974 113.869058	1	8.00	0.3636
1763	22.669242 114.03156	1	8.00	0.3636
1764	23.152238 113.352632	1	8.00	0.3636
1765	22.6343 114.08765	1	8.00	0.3636
1766	23.091579 113.536227	1	8.00	0.3636
1767	23.130042 113.261542	1	8.00	0.3636
1768	23.057688 113.395357	1	8.00	0.3636
1769	23.234287 113.302009	1	8.00	0.3636
1770	23.093022 113.385584	1	8.00	0.3636
1771	22.660771 114.051308	1	8.00	0.3636
1772	22.571383 113.869454	1	8.00	0.3636
1773	23.081440 113.314419	1	8.00	0.3636
1774	22.925945 113.365381	1	8.00	0.3636
1775	23.036259 113.795512	1	8.00	0.3636
1776	23.035068 113.77925	1	8.00	0.3636
1777	22.796321 114.159845	1	8.00	0.3636
1778	22.94227 113.268151	1	8.00	0.3636
1779	23.4561 113.28		1	8.00	0.3636
1780	23.58785 113.619693	2	7.00	0.3622
1781	22.673385 113.942687	1	8.00	0.3622
1782	22.648069 114.036209	1	8.00	0.3622
1783	22.60285 114.118211	1	8.00	0.3622
1784	22.615604 114.114983	1	8.00	0.3622
1785	22.710186 113.804501	1	8.00	0.3622
1786	22.647217 114.192165	1	8.00	0.3622
1787	22.699995 113.797405	1	8.00	0.3622
1788	22.509002 114.057133	1	8.00	0.3622
1789	22.735088 113.840217	1	8.00	0.3622
1790	22.710357 114.24983	1	8.00	0.3622
1791	22.708666 114.247744	1	8.00	0.3622
1792	23.049141 113.394477	1	8.00	0.3622
1793	23.222997 113.609213	1	7.12	0.3622
1794	23.30871 113.575233	1	6.39	0.3622
1795	23.126572 113.317045	1	8.00	0.3622
1796	22.80265 113.845027	1	8.00	0.3622
1797	22.549708 114.126191	1	8.00	0.3622
1798	23.1441   113.336	1	8.00	0.3622
1799	23.372588 113.445166	1	7.21	0.3622
1800	22.48433 113.910578	1	8.00	0.3622
1801	22.534348 114.075145	1	8.00	0.3622
1802	22.640956 114.190426	1	8.00	0.3622
1803	23.131268 113.394681	1	8.00	0.3622
1804	23.092992 113.385417	1	8.00	0.3622
1805	22.779598 113.767788	1	8.00	0.3622
1806	23.018359 113.998026	1	8.00	0.3622
1807	23.027314 113.146958	1	8.00	0.3622
1808	22.641634 114.218031	1	8.00	0.354
1809	23.106249 113.218555	1	8.00	0.354
1810	23.147679 113.251731	1	8.00	0.3535
1811	23.103251 113.278701	1	8.00	0.3508
1812	23.105029 113.325525	1	8.00	0.3508
1813	23.123450 113.303099	1	8.00	0.3494
1814	23.173973 113.264768	1	8.00	0.3467
1815	23.132375 113.192373	1	8.00	0.3454
1816	22.601552 114.136552	1	8.00	0.3419
1817	23.188935 113.330106	1	8.00	0.3414
1818	23.140092 113.268413	1	8.00	0.3414
1819	22.512380 113.931471	1	8.00	0.3398
1820	22.558309 114.161286	1	8.00	0.3252
1821	23.198685 113.360937	1	8.00	0.2886
1822	22.800504 115.374799	2	6.36	0.2861
1823	22.752244 113.87611	1	8.00	0.2853
1824	23.214208 113.225269	1	8.00	0.285
1825	23.118348 113.248571	1	8.00	0.2408
1826	22.703625 114.236176	1	8.00	0.237
1827	22.528654 114.053635	1	8.00	0.2264
1828	23.071442 113.891204	1	8.00	0.1566
1829	23.170703 113.464494	1	8.00	0.143
1830	23.148752 113.351212	1	8.00	0.143
1831	23.131781 113.272225	1	8.00	0.143
1832	23.063448 113.289247	1	8.00	0.143
1833	23.022259 113.965266	1	8.00	0.143
1834	23.159187 112.834761	1	7.09	0.143
1835	23.103973 113.270764	1	8.00	0.1403
1836	22.807693 113.850308	1	8.00	0.1331
1837	22.966469 113.017223	1	8.00	0.1097
1838	23.258072 113.315579	1	8.00	0.1092
1839	23.029455 113.233272	1	8.00	0.1092
1840	22.68551 114.16409	1	8.00	0.093
1841	22.956234 113.364883	1	8.00	0.093
1842	22.656633 114.025402	1	8.00	0.093
1843	22.545845 114.107986	1	8.00	0.093
1844	22.656513 114.088355	1	8.00	0.093
1845	23.161377 113.271094	1	8.00	0.093
1846	23.157744 113.432903	1	8.00	0.0927
1847	23.316914 113.605555	1	6.42	0.0927
1848	23.355583 113.149094	1	7.48	0.0927
1849	23.000026 113.662626	1	8.00	0.0927
1850	22.781126 113.243096	2	7.48	0.0927
1851	22.720263 113.811609	1	8.00	0.0923
1852	22.923575 114.020889	1	8.00	0.0923
1853	22.743748 114.263625	1	8.00	0.092
1854	22.659456 114.012307	1	8.00	0.092
1855	23.1831 113.34978	1	8.00	0.0916
1856	22.574637 113.894997	1	8.00	0.0916
1857	22.850577 114.158236	1	8.00	0.0916
1858	22.655628 113.927887	1	8.00	0.0913
1859	22.564083 113.899875	1	8.00	0.0913
1860	23.123324 113.634497	1	7.57	0.0913
1861	22.782264 114.323155	1	8.00	0.0913
1862	23.189315 113.270151	1	8.00	0.0913
1863	22.934209 113.847286	1	8.00	0.0913
1864	22.554156 114.08928	1	8.00	0.081
1865	23.193221 113.334035	1	8.00	0.0451
1866	22.531045 113.925047	1	8.00	0.041
1867	22.639528 114.043671	1	8.00	0.041
1868	23.140301 113.386469	1	8.00	0.0377
1869	23.233649 113.278354	1	8.00	0.0358
1870	23.129889 113.405613	1	8.00	0.0247
1871	22.932951 113.648792	1	8.00	0.0194
1872	23.264235 113.782869	1	7.03	0.0193
1873	22.840505 113.277245	1	8.00	0.0124
1874	23.069415 113.287606	1	8.00	0.0121
1875	23.333446 113.301736	1	8.00	0.0062
1876	22.693506 113.994101	1	8.00	0.0036
1877	23.133238 113.239864	1	8.00	0.0001
				

